VERTICES = 761
EDGES = 1136
432 383
675 382
202 371
17 219
592 223
344 471
292 522
441 131
131 444
397 661
567 494
463 356
658 160
203 131
341 235
651 169
277 546
434 389
126 455
306 274
323 257
118 467
258 326
217 125
632 81
216 128
359 227
239 107
424 55
683 39
222 16
22 459
47 677
637 89
217 26
428 59
293 530
263 560
280 304
389 681
352 476
204 381
452 375
484 346
114 474
138 691
468 361
367 223
599 477
496 337
465 128
357 236
408 187
229 368
411 73
43 443
93 636
68 423
695 39
56 439
584 490
480 597
143 451
197 400
167 672
465 374
472 125
483 114
295 543
322 274
490 348
230 366
481 599
223 134
221 377
374 466
234 364
429 171
558 284
399 201
488 112
139 464
134 469
199 403
568 276
104 498
496 348
357 248
228 376
82 654
329 279
290 550
49 213
407 98
39 468
352 251
174 432
697 150
233 130
177 673
265 103
699 394
495 114
275 337
577 279
10 492
200 66
83 428
98 658
678 79
292 560
391 224
102 270
692 167
457 160
260 357
494 369
168 210
111 267
203 177
143 237
137 488
179 445
430 82
378 248
61 457
224 52
459 61
484 37
23 498
448 76
141 483
272 595
213 173
488 382
381 247
183 202
171 459
286 585
237 392
154 477
70 690
399 235
73 690
227 166
93 430
242 40
51 478
243 46
58 232
74 218
239 55
285 590
693 183
195 684
194 685
211 184
492 387
583 295
354 282
343 296
486 152
203 196
299 584
391 249
287 598
115 285
278 128
222 71
274 20
464 75
212 88
44 257
287 19
593 292
193 694
463 182
395 492
463 185
596 294
125 281
590 299
218 190
450 199
152 257
178 476
197 218
245 62
225 84
234 75
242 68
17 296
229 85
281 372
292 363
136 281
399 262
484 176
286 139
268 158
270 156
270 158
277 396
272 50
241 85
54 276
37 294
256 78
708 723
263 171
268 172
72 261
45 292
289 53
726 715
196 250
192 496
253 197
197 256
83 265
84 265
713 733
704 505
65 292
732 721
278 87
516 703
422 3
741 724
668 7
522 705
718 756
199 284
755 722
520 718
634 606
207 3
602 642
750 736
299 96
546 703
514 734
501 749
609 643
608 409
552 702
550 708
604 412
701 556
600 418
752 507
726 536
616 406
321 700
511 754
702 566
600 668
627 646
415 617
608 427
630 640
420 610
410 621
563 713
674 602
333 700
637 400
555 729
710 575
735 552
702 100
532 512
722 324
615 673
429 620
306 508
1 491
1 495
743 555
424 632
721 334
697 603
701 359
351 709
697 605
649 411
345 714
759 303
353 708
575 728
609 210
406 413
415 649
705 10
461 602
724 580
615 450
560 505
751 556
729 580
561 506
514 311
413 653
606 221
616 695
537 532
617 454
415 656
723 589
717 598
609 464
506 324
418 415
415 659
218 617
681 631
411 660
473 601
472 603
722 598
624 696
125 710
600 477
600 479
593 728
422 657
445 637
409 431
235 604
424 418
708 375
30 705
27 715
580 740
380 701
471 614
682 645
515 330
500 347
342 505
753 578
622 466
325 524
349 741
476 616
528 325
237 618
228 627
407 447
21 726
563 530
624 472
730 123
572 523
523 330
143 712
723 132
611 486
722 136
483 617
512 346
590 509
747 597
425 435
757 102
516 101
201 658
129 733
646 216
709 394
645 216
403 219
419 444
138 727
746 11
739 20
509 15
610 253
562 300
513 352
581 526
344 520
411 211
404 221
577 532
466 642
113 756
350 519
527 584
441 428
732 136
310 316
623 248
626 245
383 729
641 229
656 456
508 366
309 329
22 509
430 680
582 530
29 748
524 590
690 423
464 410
653 463
501 375
661 215
438 680
502 131
741 379
636 484
671 206
647 233
313 325
255 624
102 535
379 744
499 627
438 688
679 448
619 268
16 520
48 735
590 533
660 220
734 151
230 655
264 620
410 235
423 464
100 303
442 203
342 305
604 284
391 739
554 576
173 718
657 476
736 396
266 624
323 567
605 288
364 529
277 615
627 265
187 707
308 105
428 228
42 506
21 529
14 537
745 49
752 140
655 483
552 586
562 336
205 451
287 612
515 145
599 545
382 519
469 674
203 456
534 128
212 449
388 759
50 746
737 63
11 307
193 712
576 570
243 664
682 225
583 324
575 574
722 184
341 323
464 686
419 250
320 349
164 508
317 355
304 129
558 117
721 81
528 149
742 65
520 49
523 46
67 503
538 39
598 320
133 300
593 566
533 147
257 423
183 738
555 366
254 669
116 568
560 14
503 74
681 481
190 735
575 592
262 423
454 473
585 342
423 261
124 560
596 333
418 271
443 488
555 136
555 378
128 320
595 337
149 302
249 443
138 315
103 349
309 146
503 80
73 511
554 32
66 522
533 55
517 77
306 48
371 560
260 432
371 321
281 410
592 102
202 491
755 183
653 285
560 378
477 461
690 489
697 240
464 473
102 351
362 336
185 512
341 356
395 547
527 172
144 555
687 496
246 695
125 577
221 239
502 199
596 589
275 429
224 238
107 113
245 216
751 82
759 188
572 24
751 88
313 43
99 744
16 343
587 16
180 760
36 569
560 384
223 482
698 490
651 298
573 376
493 213
460 488
356 592
146 562
124 584
598 110
167 546
384 328
204 269
355 118
41 323
66 542
64 304
12 114
582 29
380 574
307 69
441 272
312 162
130 102
452 263
232 241
120 353
475 487
394 325
332 387
365 599
346 375
496 228
294 429
527 198
349 376
553 66
52 326
14 122
120 16
585 36
103 35
37 344
539 85
44 338
340 383
230 493
110 131
373 594
470 254
496 473
234 250
141 587
172 317
465 265
167 323
239 498
357 137
129 365
70 553
360 23
342 45
315 75
135 13
56 577
79 555
281 691
339 54
551 182
280 453
551 185
597 381
256 480
585 392
598 381
326 171
559 183
588 396
387 597
338 161
39 17
31 120
370 23
566 73
147 11
569 76
17 144
579 68
150 590
161 581
591 151
273 472
175 330
213 292
240 265
256 251
598 392
142 122
289 220
199 311
371 139
269 247
92 312
92 313
81 325
569 80
65 100
64 589
58 113
355 59
76 339
171 100
180 578
395 362
341 177
101 175
140 139
24 49
389 376
71 340
345 70
86 572
112 63
137 42
473 290
392 371
182 101
284 483
576 193
150 135
12 65
486 285
279 491
277 497
351 72
22 161
54 371
119 179
82 346
87 103
25 165
54 136
77 357
375 163
174 124
172 126
377 165
349 192
257 284
498 288
82 590
13 180
63 130
182 13
387 56
18 186
390 397
363 181
253 294
154 392
254 294
24 75
175 133
89 15
369 185
128 187
596 91
62 383
502 5
594 95
72 377
47 164
166 46
260 292
169 48
390 163
67 40
275 286
398 163
128 194
137 187
188 377
141 70
393 61
2 515
360 97
96 361
367 98
134 89
69 155
181 383
718 606
20 97
26 91
196 132
196 377
168 163
84 385
73 158
629 700
199 39
382 193
398 189
7 532
700 635
45 196
98 148
707 637
190 157
153 198
179 178
66 183
6 547
302 9
620 725
605 503
618 732
81 64
173 82
89 173
317 6
724 635
318 7
639 723
609 756
717 647
729 635
85 180
755 610
642 726
604 524
188 87
9 329
712 419
198 181
4 576
714 660
704 433
610 527
418 725
735 407
2 583
101 8
443 701
193 98
712 673
600 301
662 723
674 714
754 636
1 114
520 631
352 8
500 410
434 723
414 505
510 409
522 639
719 444
418 504
17 3
740 664
6 123
521 642
553 612
7 126
706 464
678 734
623 547
448 724
1 22
699 714
519 652
625 307
423 509
415 517
528 404
719 454
539 637
607 568
214 721
321 614
760 659
432 505
631 548
730 448
677 501
509 672
567 613
618 323
638 303
622 318
527 413
403 539
4 140
141 4
142 5
711 470
670 753
564 620
527 661
504 441
513 677
548 642
738 693
681 508
633 559
608 341
684 749
306 404
537 657
707 486
728 223
344 609
639 316
630 561
602 595
455 500
344 613
645 311
730 229
206 510
524 676
551 407
106 613
525 678
535 426
668 537
617 589
516 448
317 405
409 319
581 621
16 608
8 162
684 761
653 550
240 723
341 622
301 422
628 582
697 755
658 310
104 621
631 336
451 516
303 422
603 367
637 332
561 408
677 537
548 668
415 558
4 65
12 610
9 66
610 16
26 605
22 609
455 520
620 599
346 631
310 669
584 636
747 233
515 223
654 326
216 525
754 228
306 679
323 419
559 425
676 308
639 106
669 318
630 592
15 629
470 512
221 761
9 182
564 661
625 361
202 300
541 202
600 388
605 383
310 435
585 647
640 107
375 617
374 618
438 311
429 565
675 319
106 403
404 589
479 517
407 588
329 669
627 128
86 8
38 610
3 194
47 606
410 341
690 544
331 664
282 715
417 580
663 334
402 594
600 399
607 150
404 110
589 653
384 619
405 356
537 224
626 134
554 209
6 94
259 505
51 602
50 603
634 21
35 623
635 26
637 26
440 566
557 690
342 423
425 340
460 547
355 413
105 421
123 644
113 412
682 569
354 416
312 458
411 358
354 415
745 268
405 124
657 356
637 137
377 639
458 558
108 423
259 516
31 635
628 42
54 617
28 643
660 592
751 262
271 744
232 541
493 521
544 470
322 450
504 271
471 304
551 466
661 597
663 595
118 661
679 342
693 328
244 536
546 234
108 430
646 378
417 123
227 555
319 221
415 128
428 358
318 226
325 219
644 31
659 23
18 667
242 540
591 674
581 200
244 540
601 182
663 362
353 433
113 672
351 676
452 333
340 689
678 354
110 438
478 553
233 314
508 284
327 465
578 698
389 644
359 432
556 235
342 207
537 498
235 316
417 137
289 508
656 31
500 293
113 680
563 472
340 695
683 351
422 373
473 564
315 240
203 594
264 532
233 563
353 685
463 333
585 455
340 458
655 145
145 658
113 206
509 293
417 385
200 118
569 235
159 407
438 128
109 699
117 209
91 607
624 74
14 200
449 13
490 310
664 380
391 410
381 662
334 472
254 551
203 360
132 434
240 568
494 555
104 461
468 100
485 566
343 224
168 403
394 419
449 122
467 588
336 238
426 389
202 23
10 457
39 674
350 463
