VERTICES = 427
EDGES = 1952
427 392
233 102
237 100
116 220
101 235
200 139
210 128
125 216
104 237
126 217
104 239
104 238
113 229
51 422
217 129
72 406
132 210
230 112
244 100
111 233
211 135
134 214
201 146
204 146
215 135
101 248
103 246
135 216
239 116
209 148
400 87
83 405
87 402
82 409
427 64
417 77
416 79
221 131
102 250
120 235
252 102
254 103
201 155
204 155
243 116
222 136
227 131
243 115
252 109
124 239
239 123
402 92
413 81
403 92
87 412
83 417
98 403
427 75
407 99
408 98
150 214
144 224
162 205
169 201
133 237
212 157
165 207
227 145
109 263
114 258
163 208
108 266
209 166
8 7
412 94
415 93
85 423
425 83
93 416
424 86
413 98
95 419
260 110
212 161
212 163
123 251
244 132
241 138
276 102
117 261
136 249
177 207
277 109
118 268
150 232
171 210
211 170
232 152
142 242
131 253
164 222
246 140
104 281
134 251
173 215
246 141
127 260
239 150
218 176
164 229
136 259
125 270
151 243
107 290
160 237
144 253
293 103
222 177
295 104
133 266
144 255
185 213
165 233
227 174
264 137
221 179
275 125
274 126
107 296
193 209
206 199
279 126
136 269
238 169
288 119
279 129
272 130
271 132
143 260
283 123
134 271
138 270
187 220
234 173
285 122
246 164
271 139
257 152
229 183
114 298
153 258
228 186
119 295
199 214
295 118
149 267
278 137
184 231
130 284
194 223
252 165
298 121
158 261
132 289
189 231
141 279
151 269
296 127
136 287
264 159
239 183
298 124
296 126
198 227
241 180
250 175
284 141
263 162
131 297
288 140
265 165
195 234
232 199
273 160
191 241
262 170
247 192
171 267
193 248
174 267
288 153
294 146
277 163
155 288
278 168
152 291
170 275
160 285
263 184
198 251
185 266
269 187
199 256
296 163
163 295
176 285
295 166
165 295
190 274
184 280
284 180
171 293
190 277
279 190
198 277
191 280
191 284
290 189
189 299
191 290
195 291
299 193
198 298
299 196
200 5
207 1
6 203
2 209
208 8
8 218
226 6
236 2
5 233
5 250
252 8
253 8
9 252
404 412
404 413
260 3
6 260
4 264
266 3
4 269
420 404
427 408
1 276
4 273
278 5
276 8
421 412
9 279
421 424
424 423
5 297
293 9
303 107
104 310
203 211
313 100
106 313
119 304
209 214
108 319
222 202
111 316
311 119
319 114
308 128
101 336
132 308
217 225
224 218
307 134
225 218
104 339
128 317
338 109
121 320
123 320
210 233
312 133
201 244
122 323
313 134
336 111
231 216
140 306
148 301
133 315
230 218
201 249
235 215
347 106
327 125
337 115
209 246
315 139
129 325
220 232
251 203
341 112
343 113
230 228
241 216
214 246
308 151
210 249
229 230
104 357
135 328
259 207
107 359
329 138
12 102
321 140
107 17
150 313
245 220
343 121
360 107
351 116
115 352
346 123
340 128
225 246
353 118
244 226
347 123
355 118
306 169
326 149
318 156
259 215
369 105
308 169
103 24
25 109
210 262
174 300
314 160
150 323
162 314
263 213
150 328
266 212
255 223
211 266
143 337
142 338
277 202
112 367
356 123
119 360
318 163
145 336
223 258
103 378
375 106
276 208
106 377
139 347
257 229
376 109
366 119
129 359
21 114
32 104
36 101
113 28
19 123
126 17
101 380
107 37
281 202
261 223
234 253
302 184
143 343
230 256
101 388
379 110
317 171
342 146
376 112
103 388
179 311
145 345
324 169
176 319
217 278
366 129
157 337
386 108
101 47
137 11
39 110
31 118
41 109
105 47
38 114
172 320
181 313
354 140
362 131
201 294
281 214
341 154
232 263
392 106
123 375
248 250
180 317
117 383
239 261
259 241
378 122
291 208
210 289
331 168
278 221
259 240
344 158
204 299
175 328
215 288
357 146
379 124
123 30
11 143
44 112
145 11
57 100
133 24
126 32
31 127
106 53
34 125
49 112
137 24
48 115
137 26
313 190
372 131
241 261
111 394
254 251
181 323
287 220
186 320
160 346
313 196
243 266
124 385
177 331
168 340
275 233
114 394
373 135
212 299
169 342
154 357
118 393
246 265
377 134
339 171
291 219
315 198
329 184
249 264
168 344
354 158
127 388
226 288
287 227
152 10
12 150
111 52
133 30
116 50
127 40
30 137
44 124
27 141
159 10
13 157
127 43
145 25
64 107
149 23
138 35
36 138
69 106
391 121
190 321
220 291
351 162
352 161
353 163
354 162
366 150
295 220
344 171
320 198
226 294
232 288
365 155
373 146
253 266
386 133
389 134
268 257
238 289
52 120
120 54
155 22
11 167
144 34
118 64
350 171
68 116
79 106
382 143
352 172
380 149
188 340
253 275
383 148
342 188
356 174
354 179
358 174
357 178
259 276
146 388
162 20
111 72
64 120
63 124
61 129
87 104
35 156
152 39
34 159
150 380
129 65
170 361
362 174
146 390
344 191
292 246
167 371
273 264
179 361
175 365
262 277
364 178
399 149
298 249
92 101
90 103
70 123
134 60
150 45
151 45
170 28
156 42
23 176
144 55
149 50
154 46
69 132
65 136
35 166
25 177
89 115
189 15
165 380
162 383
262 282
183 363
272 274
394 152
171 378
375 176
131 70
124 84
153 55
86 123
49 160
96 114
135 75
142 69
148 63
18 194
146 66
94 119
159 55
187 28
390 162
179 37
138 79
119 99
290 263
186 370
161 394
272 286
164 394
384 175
274 285
193 368
167 398
84 130
134 80
166 50
58 160
82 138
142 78
148 72
167 53
58 162
123 98
175 48
98 128
129 98
168 59
139 89
159 69
393 174
291 276
293 273
185 384
276 293
289 280
375 196
277 293
178 395
398 175
283 289
377 198
188 386
297 277
32 191
42 184
160 66
91 136
153 74
47 183
172 58
185 46
158 73
174 58
191 381
191 384
184 396
397 185
197 388
160 73
162 75
140 98
81 157
188 50
87 152
141 99
149 92
88 153
67 174
187 55
87 156
67 176
95 149
185 59
165 79
166 79
198 48
299 298
60 181
61 180
1 301
71 171
167 80
50 198
74 174
183 67
174 76
72 178
192 59
97 155
58 195
96 158
171 85
197 60
60 198
67 191
80 179
76 186
96 168
90 174
192 73
83 184
87 181
77 192
79 196
181 91
180 97
331 8
183 96
92 189
192 89
188 94
89 199
347 3
342 9
197 99
352 4
356 7
357 8
11 6
16 4
5 365
21 4
6 23
3 370
376 2
7 371
8 376
4 32
4 34
38 6
387 6
5 44
7 394
55 5
60 3
4 61
1 67
8 67
300 204
404 102
402 106
201 306
201 309
409 100
88 1
402 109
104 409
4 89
408 107
410 100
402 111
302 211
311 202
202 310
205 311
202 314
401 118
118 400
401 119
8 91
308 217
404 120
104 420
400 126
402 123
102 423
425 100
405 122
222 305
224 306
120 409
117 415
225 306
307 224
128 405
324 209
227 309
229 306
119 419
309 228
130 400
233 300
322 214
400 139
134 405
118 421
303 236
425 114
307 232
326 213
307 234
222 318
217 323
139 403
404 138
233 309
314 228
332 210
243 301
423 120
146 400
310 236
340 205
345 203
222 326
230 317
321 226
142 408
206 344
325 224
143 409
326 225
214 339
249 309
420 130
152 401
405 150
202 353
222 332
320 237
304 255
304 256
229 331
245 318
407 155
159 406
349 218
238 328
12 202
17 202
14 205
162 400
163 401
353 211
240 323
332 231
322 244
407 161
257 311
248 320
243 325
216 352
151 419
324 246
326 243
236 333
219 350
404 168
315 257
333 239
336 236
263 308
354 217
347 224
167 407
417 157
256 318
346 228
305 268
236 337
156 419
426 149
202 24
205 21
29 200
15 214
26 204
214 16
206 29
209 26
153 420
341 231
220 355
163 411
162 412
406 171
327 250
236 341
411 165
418 161
306 273
176 402
157 421
404 177
302 279
367 214
218 363
402 178
326 254
264 319
168 414
247 335
245 337
268 317
378 207
328 257
256 329
211 20
212 28
39 202
17 224
282 300
352 230
341 240
320 264
250 334
242 342
229 18
351 233
231 353
283 300
163 423
282 304
306 280
271 315
161 424
276 312
415 172
356 231
402 188
307 282
268 321
419 173
255 337
223 369
344 248
275 316
373 218
249 342
188 406
179 418
289 308
249 348
32 210
220 24
202 43
41 204
32 215
36 213
218 33
227 25
24 228
48 205
330 261
400 193
195 400
425 170
310 285
345 250
194 403
425 172
285 312
352 245
420 176
264 332
351 245
303 296
213 386
261 338
328 270
351 247
243 355
269 332
377 224
362 239
306 297
235 368
186 416
253 349
417 187
265 339
338 268
10 242
230 24
224 33
227 30
203 59
229 33
331 271
280 321
250 351
323 281
223 381
284 322
272 334
375 231
246 360
357 251
291 316
422 188
296 314
282 328
281 329
420 189
326 286
328 284
379 233
222 389
247 367
219 394
317 299
378 237
256 359
12 250
41 222
50 215
60 207
255 13
63 206
231 38
248 21
33 239
205 69
291 322
68 209
320 295
292 323
380 234
230 386
267 352
259 362
379 241
424 199
427 196
276 346
377 245
329 295
389 235
339 288
237 389
50 223
200 74
64 210
205 70
53 223
233 43
223 54
231 47
207 72
55 224
15 264
201 79
65 215
18 262
203 78
246 35
208 75
228 57
237 48
333 291
292 334
360 266
284 341
297 331
296 332
340 288
281 347
396 232
395 233
380 248
265 365
295 334
389 240
299 333
248 384
287 344
356 275
386 245
256 375
237 397
298 335
256 379
11 270
231 53
82 203
12 274
73 214
244 43
253 35
73 216
231 59
53 237
275 15
49 241
267 23
209 82
257 35
238 55
25 268
228 66
17 279
272 363
383 252
253 382
260 377
290 346
255 384
243 395
277 364
284 356
373 267
256 386
356 288
286 358
61 231
280 14
26 270
95 202
77 220
23 275
206 93
26 274
33 268
76 226
49 253
216 89
89 218
294 350
394 250
380 268
284 363
383 264
372 278
373 276
289 363
288 365
231 70
270 31
61 243
95 210
215 90
33 272
262 44
287 20
214 94
284 24
35 273
43 265
98 211
65 244
20 289
272 39
77 236
16 297
69 244
296 18
291 360
245 69
390 261
97 219
279 37
372 280
69 249
374 281
387 277
62 251
280 35
235 81
40 276
294 23
275 42
87 231
21 297
51 267
268 50
24 297
98 224
266 56
256 67
55 268
48 275
39 285
227 98
287 381
282 386
394 273
270 399
375 299
81 240
298 379
270 51
52 270
60 263
84 240
31 293
54 271
43 284
56 272
98 231
234 95
34 295
283 46
75 256
263 68
268 63
98 234
274 58
244 89
297 381
384 296
398 286
298 389
289 398
43 291
74 262
53 283
251 86
295 42
46 292
87 252
255 84
49 290
269 71
268 74
48 294
275 67
49 295
248 98
80 264
259 91
287 63
267 85
413 1
411 4
264 92
73 283
262 95
94 263
412 6
85 275
83 278
88 274
9 417
97 269
1 420
291 71
281 83
291 76
91 277
89 288
279 99
88 293
297 85
99 284
285 99
297 87
89 298
91 290
295 90
99 298
401 201
304 300
203 404
405 201
303 311
411 204
312 303
304 314
415 202
313 304
317 303
207 414
416 205
209 417
409 219
420 207
424 205
316 317
307 325
409 227
230 402
234 400
412 222
420 214
321 313
222 416
410 229
216 425
325 316
241 400
412 232
425 222
330 319
424 228
409 245
410 244
324 330
241 412
321 335
330 326
418 240
232 425
333 327
257 404
253 408
349 317
359 306
300 13
10 307
306 13
14 306
340 321
330 331
360 303
400 265
423 242
345 320
244 420
242 424
324 342
256 413
302 367
266 402
314 354
244 426
419 254
309 365
15 314
314 16
305 26
318 19
373 300
312 364
365 310
328 350
321 356
405 275
365 315
265 414
303 379
327 355
327 354
366 318
319 365
345 338
318 369
34 301
326 12
37 304
29 312
405 280
309 39
281 403
351 333
370 317
335 352
261 425
331 358
332 357
415 276
302 389
383 307
408 285
283 409
286 409
276 418
368 326
105 108
419 277
358 338
20 322
15 330
301 46
40 308
338 10
420 270
392 300
327 28
280 411
39 317
400 293
274 421
415 283
277 421
391 307
416 281
330 367
401 299
405 295
382 318
326 374
365 335
320 379
366 337
110 109
409 297
388 318
299 406
119 102
310 44
40 315
319 42
36 325
28 333
46 319
27 338
26 339
351 352
424 281
381 324
100 121
316 391
353 354
413 293
416 290
367 342
345 364
322 386
423 287
393 317
319 391
101 125
102 124
384 329
365 348
427 287
377 337
109 121
349 367
10 352
64 300
303 61
313 52
335 32
16 352
337 33
15 355
36 339
307 69
339 37
18 358
375 341
346 370
369 351
294 425
113 122
368 354
397 328
336 389
15 18
71 300
350 21
342 30
332 41
126 119
340 34
23 351
321 54
128 119
40 336
63 315
340 38
342 36
74 305
40 339
306 74
73 307
57 323
342 38
32 348
349 31
21 359
74 307
24 359
330 391
45 339
66 319
340 380
397 330
25 10
352 376
100 147
22 17
16 24
13 28
358 376
117 138
324 60
71 314
83 303
355 32
307 81
372 16
369 21
356 36
15 377
315 78
64 329
382 354
22 20
111 143
133 121
375 363
111 142
367 370
110 146
382 358
30 16
390 349
158 100
105 154
107 152
151 108
148 111
159 102
149 112
379 366
90 300
350 40
39 15
380 11
18 37
128 135
11 381
301 92
90 303
156 109
146 119
303 91
65 330
60 336
30 366
357 40
330 68
360 38
25 373
306 93
30 369
387 13
82 319
65 336
343 58
56 345
328 75
317 87
338 66
65 339
96 309
319 86
348 57
352 391
390 353
370 372
373 371
361 385
363 383
24 30
393 355
34 22
41 16
146 121
137 131
151 119
45 17
368 386
149 124
128 145
310 90
15 49
360 44
31 373
139 137
330 75
335 70
62 343
41 364
374 31
63 343
74 333
315 93
333 75
346 62
398 10
53 356
399 10
88 323
83 328
347 64
334 78
46 366
394 19
19 395
339 78
172 102
12 52
175 101
160 116
56 10
118 160
151 127
369 393
362 399
106 173
19 53
139 145
21 390
90 322
138 148
380 33
365 50
66 350
394 22
350 67
30 387
64 354
363 56
97 323
93 327
341 79
372 49
343 79
76 346
325 99
347 77
339 86
359 66
87 339
387 39
101 180
49 379
41 30
160 123
110 175
151 134
56 20
154 130
184 103
164 123
131 156
12 66
373 397
19 61
14 67
181 109
168 122
117 176
159 134
148 145
330 90
175 119
158 139
384 40
361 64
360 68
61 368
383 47
375 59
49 385
388 46
102 192
20 65
193 102
184 111
393 386
42 45
47 42
164 136
136 163
397 386
65 27
53 39
112 189
36 57
78 16
66 28
197 108
109 199
393 43
46 390
83 354
376 63
61 378
97 343
45 395
98 345
67 376
31 60
181 124
394 395
13 83
137 170
42 55
54 43
196 110
35 63
196 113
189 120
24 75
115 193
74 26
137 171
43 57
184 127
89 13
56 47
126 186
70 370
139 176
56 49
156 159
50 393
189 127
70 376
361 87
392 57
72 378
381 69
363 88
121 190
93 11
182 131
162 154
51 55
90 17
177 141
183 134
30 79
151 166
198 121
184 135
142 177
154 165
195 127
174 148
164 158
15 99
48 66
37 78
167 159
362 91
189 136
392 61
383 76
69 391
98 363
78 384
385 77
75 387
88 375
41 70
70 47
52 65
26 92
91 27
37 81
90 29
180 149
160 168
161 167
33 88
155 176
63 58
136 194
182 148
75 47
196 138
392 70
197 139
84 384
385 83
397 71
91 378
385 86
397 78
30 92
37 90
191 147
85 43
177 161
82 47
184 153
183 154
78 51
177 163
66 65
188 154
167 174
87 47
87 49
380 98
85 393
388 93
173 172
165 182
60 77
94 45
177 172
188 160
158 193
54 87
178 172
179 173
157 199
158 198
395 97
99 397
71 73
94 54
176 184
189 174
99 59
78 82
182 189
188 185
78 86
181 194
191 187
184 196
183 196
190 189
88 86
91 81
98 80
84 94
91 87
198 195
106 3
103 6
8 111
2 119
9 114
122 6
1 132
133 4
141 4
149 4
405 301
408 305
308 407
308 409
401 310
310 400
153 9
310 403
300 415
314 402
319 403
303 419
418 306
2 165
403 322
328 400
408 321
419 314
409 327
5 170
7 175
9 177
334 403
323 416
318 423
418 328
189 3
344 401
341 406
338 412
407 342
407 347
328 426
415 338
409 349
190 2
7 190
342 411
401 354
353 401
412 342
356 401
414 345
405 356
417 344
352 408
339 424
17 405
420 344
365 401
425 341
404 361
415 353
422 348
425 347
357 417
409 369
400 22
21 405
21 408
410 361
407 29
411 362
410 362
370 405
406 370
357 425
419 366
416 22
412 28
18 423
410 370
411 371
410 376
405 380
106 200
203 102
203 104
109 200
107 204
400 42
34 410
411 36
33 414
45 403
29 422
390 402
382 413
373 422
420 376
403 396
427 372
111 206
203 113
387 416
219 102
204 118
216 106
399 409
217 107
412 43
45 411
421 37
404 55
421 38
43 419
57 406
392 410
420 382
105 221
123 205
117 211
393 418
392 419
229 103
400 60
128 207
119 219
45 420
42 423
208 129
424 46
69 402
416 56
67 407
55 419
69 406
