VERTICES = 75
EDGES = 156
65 24
61 28
32 57
38 51
75 15
43 47
52 39
38 55
59 36
49 47
2 73
6 70
5 74
7 74
8 73
8 75
70 20
23 70
33 60
21 73
72 23
60 35
75 21
24 73
60 37
50 48
29 70
41 59
63 38
48 56
31 70
43 62
44 62
62 45
72 38
53 58
14 10
66 46
57 55
46 67
66 47
15 11
48 67
58 59
19 14
4 13
18 1
63 50
43 71
3 19
46 70
57 60
75 43
73 46
58 61
74 46
13 21
47 75
73 49
13 23
26 11
67 58
66 59
15 26
27 17
7 6
3 23
7 21
1 29
26 4
25 5
24 6
24 8
23 9
10 30
57 71
68 60
61 67
8 28
73 58
62 69
12 32
74 58
75 58
59 74
67 69
32 18
26 24
22 29
28 23
24 27
15 38
39 15
3 31
61 71
35 4
5 35
67 74
35 21
11 46
34 23
24 33
12 46
13 46
38 23
33 29
27 36
49 17
40 3
72 70
3 48
44 9
20 42
32 30
32 34
58 10
27 41
37 31
38 31
32 38
16 56
24 48
28 44
59 15
47 27
2 52
53 2
7 51
44 30
34 40
60 16
64 13
23 54
14 64
60 18
19 60
27 52
13 69
58 24
57 25
69 15
17 67
19 65
37 47
64 2
8 60
63 7
62 9
4 68
66 6
8 65
64 9
9 68
74 11
53 33
34 52
