VERTICES = 50
EDGES = 239
12 10
13 12
18 10
14 16
18 15
17 16
10 2
3 10
13 4
8 10
4 15
6 13
11 8
14 6
7 13
7 14
16 6
16 7
9 14
8 16
10 20
17 8
17 9
19 8
20 13
24 10
23 11
20 14
11 24
12 23
27 10
20 17
21 17
10 29
19 20
12 28
3 5
24 17
8 2
17 26
24 19
7 4
5 6
19 26
7 6
20 1
29 19
1 21
9 7
23 1
4 20
24 1
1 25
21 6
20 7
27 1
8 20
26 4
3 28
29 4
5 28
28 7
8 28
10 32
32 11
31 12
32 13
33 13
26 20
12 35
32 15
30 17
36 12
35 14
20 29
27 22
25 24
11 39
37 13
14 36
12 39
14 37
35 16
34 18
14 39
16 37
34 19
25 29
39 16
2 32
32 3
32 5
33 5
1 38
35 4
2 39
8 33
9 33
6 37
39 5
36 8
8 37
7 39
38 8
21 31
9 38
22 31
44 10
32 22
12 43
35 20
13 43
24 32
44 13
43 14
35 22
12 46
40 18
33 25
27 31
48 11
44 15
42 17
18 41
21 38
36 23
27 32
29 30
39 21
36 24
35 25
48 13
44 17
36 25
46 16
45 17
33 29
19 44
37 26
16 48
46 18
46 19
39 26
29 36
27 39
38 29
49 19
3 41
40 4
2 43
3 42
1 45
2 44
1 47
7 41
40 8
2 47
6 43
8 41
4 46
42 8
46 5
46 8
50 10
6 49
9 47
12 50
22 40
32 30
43 20
49 9
14 50
40 24
30 34
31 33
45 20
41 24
40 25
45 21
26 40
31 35
20 47
50 18
36 32
48 21
24 45
39 30
31 38
49 21
47 23
27 43
28 42
29 41
48 23
46 25
39 32
48 25
34 39
37 36
25 49
49 29
5 50
50 6
23 50
33 40
25 50
30 45
26 50
34 42
27 50
45 32
45 33
33 46
34 45
42 37
31 49
42 38
35 46
49 33
48 34
47 37
49 37
40 42
34 50
40 45
50 36
46 40
41 45
37 50
38 50
39 50
40 49
48 41
42 47
48 43
46 45
45 47
50 41
42 50
