VERTICES = 412
EDGES = 1400
130 203
334 243
254 325
123 214
326 252
120 219
318 262
328 252
226 112
329 254
114 229
136 206
369 215
249 338
118 227
238 349
403 70
209 139
215 20
29 210
209 31
226 17
283 301
403 180
211 130
229 19
404 182
312 274
323 263
371 215
320 265
342 243
206 140
381 207
248 340
120 225
357 230
304 286
222 368
274 318
142 207
212 137
213 378
222 127
227 122
236 113
227 366
287 309
356 239
248 108
119 237
309 288
211 30
249 106
231 11
411 75
235 10
218 30
218 31
28 222
251 342
374 221
210 142
354 240
403 194
343 254
250 104
250 346
326 273
368 231
101 255
274 327
392 209
212 389
214 387
134 225
404 196
194 409
259 102
367 236
156 204
269 333
218 142
263 339
137 223
346 259
286 318
226 378
366 238
159 206
258 106
377 229
246 118
158 209
50 203
42 211
25 230
200 56
94 407
213 46
406 98
246 17
59 206
272 332
110 252
204 160
372 233
214 152
250 358
201 164
205 160
352 257
215 155
377 235
122 248
131 238
235 379
255 116
247 366
246 367
319 297
206 168
118 256
247 369
217 156
258 117
242 20
50 215
411 99
17 251
216 53
15 254
18 255
59 215
282 331
111 260
200 170
292 323
162 211
212 161
111 262
261 353
252 362
163 212
232 385
396 220
162 215
391 228
261 358
137 240
222 154
122 254
169 210
109 270
326 297
212 168
115 267
139 246
227 157
204 70
44 232
242 35
34 243
223 57
232 48
238 42
268 12
77 206
228 55
280 102
281 103
243 141
262 363
222 164
230 398
235 155
248 142
376 256
143 246
259 372
335 299
355 279
276 116
267 125
219 175
239 154
289 107
279 359
369 269
221 60
399 238
10 271
279 118
61 224
50 235
47 241
240 49
38 251
64 227
59 232
226 68
67 227
351 280
271 360
200 191
240 151
163 230
112 280
114 281
154 243
193 203
343 295
203 195
104 299
214 188
219 186
398 248
118 289
138 269
251 42
229 179
33 261
224 72
273 23
253 43
42 254
90 208
233 65
46 252
216 83
240 59
203 97
289 17
260 141
183 221
222 182
266 380
262 141
115 290
386 261
291 117
166 242
236 171
273 134
385 267
197 212
123 286
263 388
265 144
123 288
216 198
256 399
137 276
259 154
50 252
232 71
10 295
240 65
214 94
231 78
239 71
251 59
242 69
55 258
49 264
370 280
47 269
218 99
130 283
394 261
260 394
150 262
296 361
376 281
391 266
183 231
292 122
264 392
182 234
393 265
231 188
253 166
274 145
398 265
185 235
159 261
269 393
195 228
136 287
278 387
276 147
187 235
265 157
186 238
82 231
234 80
225 90
62 253
224 92
61 256
248 70
26 292
277 41
224 95
79 240
51 269
239 84
66 257
26 298
289 35
381 283
374 291
273 394
292 378
163 265
256 171
299 131
191 238
275 154
386 287
194 239
32 291
70 255
53 273
284 43
286 42
257 72
269 60
95 235
283 47
85 246
53 278
238 94
74 258
48 285
285 49
290 389
287 150
266 173
274 165
383 299
252 80
263 74
270 69
247 94
252 89
284 57
288 54
78 266
296 48
278 66
262 182
262 183
170 278
394 295
283 164
263 186
178 274
283 169
285 167
286 166
298 397
198 259
253 93
257 90
57 292
266 86
409 6
278 78
182 270
173 281
287 172
292 167
163 295
264 197
281 74
263 95
77 281
268 96
99 266
172 291
284 183
178 292
194 275
179 290
278 193
291 73
92 273
277 91
283 87
295 75
285 87
99 277
290 187
298 184
294 80
282 96
284 94
80 298
87 299
196 291
292 197
2 201
3 201
206 1
205 3
98 295
215 2
8 214
214 9
226 5
8 223
6 230
1 237
237 3
5 235
235 8
4 240
248 7
247 8
404 403
9 249
263 3
5 264
7 267
273 3
273 6
3 284
7 281
402 215
319 305
308 318
301 321
400 226
326 302
227 409
336 301
331 309
317 327
338 307
105 300
324 323
409 240
323 325
308 100
104 306
249 405
308 107
300 110
410 241
403 252
250 405
334 321
324 331
312 104
305 110
204 211
339 321
211 207
311 109
118 303
349 318
307 12
200 221
220 200
19 309
354 311
412 257
203 224
317 112
202 227
344 327
209 220
315 116
105 326
305 367
119 311
107 326
117 318
206 228
109 328
305 26
261 411
311 363
318 19
320 356
320 115
275 405
303 377
310 128
366 314
320 118
113 324
335 344
342 337
132 308
327 355
329 111
345 337
310 129
276 408
123 319
328 116
227 216
229 217
339 107
14 322
305 32
322 15
326 13
37 303
314 28
35 308
140 301
380 303
342 340
365 320
301 386
243 202
340 347
133 311
388 301
338 351
112 334
149 300
144 305
246 203
332 117
116 333
374 316
226 222
137 313
336 117
236 216
409 288
206 248
116 338
338 10
21 329
47 304
323 29
372 320
332 360
334 360
393 300
302 152
321 132
292 406
154 302
311 386
316 381
130 325
155 303
148 310
156 304
319 382
256 203
329 130
357 102
155 307
359 103
237 225
118 101
109 110
209 255
309 399
337 128
348 117
50 302
331 21
106 119
333 21
51 304
103 10
11 346
330 29
25 334
349 12
28 334
337 25
291 410
45 319
38 326
260 201
291 411
374 331
243 220
102 360
354 350
325 140
334 373
235 230
294 412
314 392
305 162
262 205
207 260
340 127
114 353
298 410
222 244
315 154
214 255
118 351
359 352
143 325
110 358
129 341
101 127
106 122
217 255
308 167
10 351
301 61
311 55
23 343
340 27
335 33
10 116
323 46
33 336
22 347
19 111
17 355
118 12
68 305
118 13
343 371
380 333
19 117
10 11
340 375
233 240
11 12
203 273
260 216
376 100
130 348
365 113
310 167
323 396
302 178
319 160
386 335
368 111
121 119
274 207
147 334
345 136
135 107
168 318
269 217
60 312
279 208
310 65
121 12
13 363
120 16
31 348
27 352
25 112
23 115
22 358
334 47
30 109
103 37
24 358
29 112
75 309
341 380
33 109
19 365
380 340
319 68
328 59
21 10
223 262
11 22
243 242
120 122
343 144
132 113
125 362
281 205
361 367
336 153
378 111
123 366
168 320
204 284
392 338
146 103
246 245
375 357
368 122
128 365
386 106
121 129
243 249
116 137
138 114
370 10
301 83
37 350
78 310
80 309
68 321
56 335
39 110
318 74
31 119
42 109
137 15
346 49
25 128
46 108
17 138
190 301
354 140
321 172
202 291
281 212
360 378
364 374
172 323
272 223
145 111
366 132
304 193
381 116
16 31
309 191
113 145
242 258
247 252
371 128
306 196
186 316
228 273
364 137
368 133
386 118
269 234
136 125
127 376
197 309
187 318
177 328
297 208
61 330
340 51
128 135
219 289
342 50
341 52
40 353
258 249
102 50
142 10
374 21
94 302
373 23
26 370
374 23
35 121
55 102
135 23
379 22
45 357
119 41
59 103
59 104
160 341
380 121
129 35
311 192
292 210
185 320
141 122
322 182
42 12
292 215
223 284
231 276
122 143
131 134
113 393
111 398
233 276
115 394
314 194
320 188
105 161
277 231
146 120
333 178
292 219
357 396
364 147
218 292
228 282
37 23
295 218
155 358
274 239
389 124
186 326
215 297
163 349
243 269
138 374
378 137
159 113
138 376
321 80
312 90
347 169
358 158
156 118
109 167
118 158
239 279
22 383
52 355
150 15
94 315
80 329
69 340
14 155
29 382
77 336
57 114
144 27
77 338
339 76
398 17
390 361
109 66
119 56
390 363
291 223
230 283
351 162
352 164
385 373
152 363
251 264
192 326
167 351
161 357
132 386
163 112
147 370
379 140
336 186
116 164
51 19
49 21
144 378
232 289
355 169
164 118
23 49
387 137
346 177
15 58
267 256
237 288
259 266
30 382
343 72
352 63
51 124
104 72
357 62
324 96
44 134
381 39
334 87
64 357
20 159
41 138
88 334
338 84
64 358
77 346
139 42
68 357
366 59
250 271
148 36
158 27
11 60
160 363
50 21
180 345
381 144
141 142
180 102
12 62
361 163
183 344
275 252
21 55
195 334
372 399
156 131
387 142
194 334
134 152
199 332
101 188
277 254
48 31
101 187
36 44
157 134
138 153
168 122
396 378
394 138
175 117
56 28
138 154
188 107
199 337
40 140
394 30
41 141
129 169
22 162
385 41
94 333
60 125
54 131
357 71
394 34
381 47
98 331
50 137
155 32
356 74
71 117
44 386
388 42
139 50
154 35
353 79
112 78
65 125
389 46
342 190
170 120
37 158
29 167
137 59
191 343
254 280
152 382
383 151
24 60
281 255
391 145
13 73
20 66
287 251
161 135
161 377
353 187
73 15
135 163
54 34
394 146
245 294
395 386
123 177
247 294
128 171
376 165
135 164
265 276
395 146
66 26
35 57
178 123
199 105
74 360
43 391
13 180
168 139
53 382
354 82
123 71
374 62
111 84
81 114
65 372
163 32
61 135
61 377
346 93
83 356
366 73
55 142
383 57
76 123
62 137
43 398
54 146
95 106
179 22
47 154
173 29
78 126
77 369
129 76
136 69
137 68
71 20
130 171
392 393
172 373
81 13
20 75
74 21
64 31
140 165
399 390
164 382
46 50
183 124
141 166
265 283
198 353
128 181
57 42
369 181
175 378
399 154
277 276
256 296
46 57
195 359
89 18
90 354
189 127
152 50
76 370
90 357
83 123
389 60
194 14
393 57
51 399
82 369
148 61
398 53
23 187
33 177
355 98
169 42
114 98
186 26
199 14
87 126
368 87
148 65
160 390
117 97
99 359
81 20
69 389
191 363
171 383
385 171
170 386
391 165
154 160
361 197
186 372
177 381
83 24
266 291
273 284
194 124
375 185
294 266
261 298
164 395
84 26
35 75
142 178
93 18
141 178
16 96
139 182
398 168
187 378
29 87
77 39
151 61
120 93
83 131
142 73
130 86
82 134
84 133
36 181
397 62
57 160
188 30
165 53
88 131
128 92
198 23
86 378
85 137
34 188
75 147
75 389
79 386
128 96
180 143
193 371
192 372
297 270
294 273
43 73
96 21
295 274
174 395
379 192
138 191
91 29
376 194
192 139
37 84
39 82
176 155
197 135
35 89
59 66
90 372
89 37
199 379
81 141
71 396
384 84
95 374
141 86
177 50
88 140
132 98
71 159
148 83
95 137
46 186
396 78
387 88
188 45
65 169
86 149
38 198
189 48
296 280
385 190
180 155
282 295
168 170
385 194
64 68
69 66
177 169
186 159
152 80
152 82
40 195
65 171
193 44
160 77
155 84
398 84
175 65
157 84
392 191
78 168
61 72
171 174
164 183
162 187
91 49
74 66
398 195
168 183
65 76
177 174
95 48
166 187
78 65
68 75
157 195
58 88
199 158
90 152
188 168
190 53
94 392
302 4
192 54
165 81
151 98
60 189
306 4
5 306
186 68
180 176
185 170
60 88
199 163
92 161
81 172
93 161
62 192
196 60
190 66
77 181
189 70
198 63
175 88
69 195
173 194
194 175
86 75
185 189
187 189
191 72
320 8
87 181
98 171
92 178
72 199
90 76
98 76
90 182
331 4
93 187
199 82
198 84
92 81
341 7
347 4
109 1
351 2
5 351
8 351
6 359
356 9
7 119
6 16
5 19
6 120
2 368
9 362
129 2
1 374
3 373
134 3
139 6
34 1
6 33
33 9
6 142
7 383
4 148
41 3
47 2
307 406
152 8
400 310
400 313
401 314
404 313
314 405
412 308
408 315
319 406
55 5
161 1
5 162
324 400
327 402
336 400
325 411
406 334
77 8
186 4
189 7
9 189
408 100
403 107
101 409
108 401
5 84
7 82
4 196
401 357
119 402
3 96
405 119
409 115
402 15
16 404
19 404
404 360
200 324
200 323
360 408
301 224
214 311
321 204
226 301
206 321
218 312
314 219
228 307
328 209
402 29
370 400
310 223
225 310
200 335
221 313
332 205
132 406
224 317
325 216
212 329
217 328
377 409
21 410
402 34
32 407
401 39
401 383
403 381
342 200
411 133
404 142
405 383
378 410
221 325
210 336
141 406
225 325
402 147
382 409
218 331
229 323
249 305
203 109
207 105
237 316
238 318
105 209
409 43
252 301
402 150
411 383
311 241
411 386
144 411
241 314
302 255
221 336
326 232
324 236
211 107
213 105
207 355
327 238
315 249
339 228
13 203
150 411
405 160
395 412
257 311
203 123
356 211
200 128
208 120
226 102
227 103
106 224
207 122
208 363
319 254
210 12
204 25
218 12
