VERTICES = 75
EDGES = 353
10 14
14 12
13 15
16 18
19 18
1 12
4 10
11 4
7 10
2 17
13 6
8 12
3 18
14 7
13 8
9 12
18 4
19 6
20 11
12 21
9 19
11 23
14 22
27 11
15 23
12 28
16 24
14 28
8 2
4 6
5 7
19 28
2 20
3 23
2 27
6 23
4 26
27 4
9 22
28 4
5 29
30 11
32 11
24 21
22 24
20 27
21 26
18 30
10 39
11 38
29 23
19 35
29 26
1 30
31 3
34 1
35 4
3 37
31 9
36 8
40 12
31 21
43 10
20 33
31 22
23 30
22 32
24 30
45 10
23 32
25 30
36 20
12 45
20 37
26 31
17 41
31 27
24 35
26 33
32 27
47 13
17 43
25 35
32 28
25 36
18 44
43 19
29 34
49 17
19 47
48 19
40 4
1 44
2 43
43 5
7 42
8 41
49 4
21 41
40 23
33 30
32 31
52 13
25 40
53 13
14 52
53 14
32 35
11 57
47 21
44 24
32 36
17 52
56 14
22 48
25 45
43 27
58 13
57 14
46 26
16 57
37 36
15 59
16 58
57 17
27 47
36 39
58 19
39 38
1 56
50 7
50 8
57 2
52 7
1 59
55 5
58 3
55 7
58 5
8 58
53 21
33 41
65 10
62 13
53 22
51 24
60 16
25 51
46 30
41 35
10 68
12 66
64 14
56 22
24 54
26 52
27 51
21 58
27 52
32 47
34 45
43 36
13 67
21 59
29 51
44 36
65 16
18 63
55 26
32 49
45 36
37 44
38 43
57 25
26 56
45 37
58 25
39 44
29 55
16 69
17 68
18 67
58 28
37 49
39 47
19 68
29 59
2 60
2 61
2 62
2 63
62 4
65 2
62 7
66 4
8 63
67 5
66 8
70 12
33 50
13 71
14 70
53 32
43 42
11 75
42 44
71 16
20 67
55 32
50 37
14 74
61 27
36 52
40 48
43 45
74 15
17 72
19 70
20 69
29 60
56 33
37 52
38 51
73 17
72 18
34 56
38 52
46 44
32 59
39 52
74 18
69 23
66 26
64 28
33 59
35 58
75 19
29 65
49 45
2 70
73 2
5 72
7 70
72 6
75 8
30 60
70 21
32 60
40 53
41 52
31 63
54 40
33 62
55 40
54 41
74 22
31 65
22 75
65 32
37 60
46 51
72 26
61 37
32 67
36 63
52 47
48 51
33 67
45 55
46 54
62 39
58 44
69 34
39 64
56 47
29 75
59 46
47 58
67 39
57 49
58 49
31 71
33 71
44 60
74 31
42 63
33 73
40 66
51 55
75 32
36 71
42 65
50 57
38 71
39 70
47 63
49 61
57 53
74 37
46 65
64 48
45 68
48 65
39 75
59 56
58 59
40 71
51 61
40 73
53 60
42 73
70 45
71 45
72 45
48 70
66 52
57 61
70 49
54 65
62 57
46 74
55 65
75 46
65 56
57 64
56 67
58 66
72 50
50 73
70 53
52 72
70 55
71 55
65 62
63 64
62 66
56 73
72 57
69 60
68 61
56 74
74 57
59 72
68 63
61 71
70 64
62 73
61 75
63 74
64 74
73 65
65 75
69 72
