VERTICES = 283
EDGES = 426
19 218
220 235
230 104
230 106
118 100
244 215
215 247
224 117
129 218
228 118
103 14
105 14
203 38
210 253
28 219
202 263
134 210
101 125
102 248
215 137
208 264
248 224
243 229
119 232
43 203
34 213
105 21
24 104
202 49
11 119
238 19
111 244
156 200
224 134
118 240
154 206
144 216
237 247
239 128
10 242
109 259
31 225
112 24
20 237
17 120
43 216
34 226
219 42
39 104
150 210
15 129
128 18
275 210
129 19
234 250
205 282
225 141
276 213
234 133
139 231
267 223
128 243
250 15
31 235
241 25
201 66
222 45
12 134
57 213
245 26
34 117
115 37
59 216
136 19
19 138
243 251
20 22
205 170
236 260
220 275
141 236
263 234
255 242
124 131
279 102
135 125
245 256
114 269
265 239
257 246
226 158
147 116
17 38
50 101
139 129
220 54
241 33
133 22
12 144
22 134
203 77
258 22
117 43
209 73
46 236
139 23
56 107
37 127
29 256
79 209
232 273
225 163
46 12
239 271
266 244
265 124
158 234
13 48
60 220
126 148
26 260
220 67
43 244
53 114
135 33
237 54
156 14
34 257
209 83
215 77
106 67
49 124
49 247
39 257
271 240
48 128
220 173
150 122
250 142
243 273
250 266
252 264
31 35
116 280
280 237
189 210
175 225
144 259
18 55
236 169
27 47
28 47
71 220
40 251
92 200
210 82
177 108
87 210
70 106
72 226
27 150
98 201
249 51
136 44
66 236
79 104
78 105
208 97
109 76
89 219
170 112
56 21
258 150
233 174
245 165
254 277
283 129
23 58
193 218
189 101
175 236
149 144
186 106
145 268
126 169
27 59
42 261
153 30
73 113
258 50
51 137
154 34
76 113
132 58
277 34
267 44
235 78
27 166
137 56
38 156
280 130
59 139
261 154
195 222
190 227
155 262
192 224
68 20
36 52
186 111
185 112
167 254
127 174
276 146
277 269
107 196
67 28
199 228
198 107
233 80
243 70
183 10
249 179
62 132
95 100
75 120
83 114
176 21
282 36
36 161
44 153
236 83
15 183
73 246
89 110
177 22
48 272
89 234
65 258
266 57
15 189
107 98
26 179
111 190
81 10
129 78
241 183
160 268
136 170
125 184
24 75
144 165
122 186
62 38
46 55
159 152
187 244
255 178
165 147
199 237
86 19
199 238
62 140
241 84
21 184
46 280
266 61
191 16
72 256
231 98
249 80
46 283
247 83
19 191
53 278
57 275
266 67
48 165
281 150
198 18
39 178
68 149
160 272
273 161
172 144
81 28
43 66
278 160
243 198
152 168
12 99
48 63
135 187
185 139
240 91
38 79
264 71
86 130
84 132
73 264
270 67
154 62
57 160
258 81
53 166
196 24
88 132
134 86
188 32
278 63
54 166
158 64
56 169
192 131
273 171
83 33
44 73
273 175
186 140
145 181
60 58
144 185
195 133
187 143
277 174
70 273
251 93
73 150
71 273
144 80
53 171
156 71
175 52
88 262
52 177
263 88
154 77
185 49
175 59
166 69
152 182
150 186
170 166
177 161
197 143
89 44
87 46
86 47
169 172
141 93
41 194
196 41
90 148
185 57
94 149
80 51
50 82
61 71
61 72
83 51
167 186
196 277
69 75
62 184
170 76
192 56
197 59
87 61
65 83
172 188
198 167
172 80
63 193
184 73
76 80
61 96
63 95
76 88
88 77
92 170
82 184
83 187
179 96
91 74
190 185
77 96
180 91
185 91
184 99
217 6
98 191
197 96
10 3
247 8
128 7
1 26
9 28
8 136
8 137
39 1
140 4
6 262
9 261
8 166
172 4
172 9
175 8
6 179
3 76
189 1
3 187
92 6
205 200
205 221
201 229
211 222
100 212
117 202
210 109
209 233
201 14
115 212
220 228
216 113
207 246
106 104
