VERTICES = 300
EDGES = 9715
230 101
100 231
220 111
130 201
210 120
230 103
100 233
121 212
200 133
202 130
200 132
224 111
103 232
234 101
235 100
115 220
215 120
212 123
201 134
231 103
234 100
124 210
204 130
133 201
113 224
120 217
211 126
132 205
134 203
201 136
110 226
224 112
223 113
234 102
121 215
123 213
133 203
136 200
109 230
107 232
220 119
218 121
214 125
130 209
133 206
230 108
114 224
212 126
135 203
109 232
108 233
105 236
238 103
118 223
219 122
129 212
133 208
227 113
226 114
124 216
109 234
227 116
105 238
239 104
224 119
209 134
138 205
114 228
105 237
224 118
223 119
124 218
216 126
209 133
109 236
116 229
117 228
118 227
127 218
129 216
138 207
108 236
118 226
126 218
209 138
139 208
229 117
107 239
127 219
230 110
210 130
231 111
130 212
111 230
231 110
240 104
141 203
142 202
100 243
131 212
140 203
111 235
105 241
243 103
221 125
205 141
145 201
114 231
225 120
241 104
122 223
102 243
125 220
145 200
213 132
141 204
203 142
132 216
107 241
227 121
128 220
130 218
205 143
204 144
146 202
200 148
114 233
110 237
230 117
107 240
227 120
135 212
146 201
123 224
137 210
245 102
220 127
132 215
235 115
108 242
201 149
228 122
106 244
125 225
104 246
103 247
221 129
219 131
231 118
229 120
241 108
242 107
123 226
125 224
200 149
126 223
221 128
204 145
142 207
237 115
124 228
107 245
226 126
214 138
146 206
149 203
239 112
117 234
114 237
122 229
244 107
246 105
247 104
135 216
136 215
208 143
125 229
246 108
228 126
218 136
137 217
234 119
235 118
115 238
109 244
229 124
219 134
216 137
207 146
119 237
227 129
116 239
106 249
136 219
119 239
139 219
251 100
140 211
242 111
101 252
221 132
253 100
200 153
122 230
250 102
221 131
210 142
110 245
124 231
111 244
232 123
132 223
102 253
213 142
155 200
244 110
233 121
241 113
102 252
220 134
201 153
257 100
230 127
116 241
120 237
117 240
225 132
223 134
216 141
151 206
240 116
224 132
123 233
223 133
154 202
254 102
101 255
256 100
216 140
205 151
116 243
115 244
112 247
123 236
215 144
242 117
228 131
132 227
217 142
103 256
140 219
118 240
127 231
115 243
251 107
134 224
223 135
214 144
211 147
210 148
239 122
133 228
254 107
134 227
149 212
209 152
208 153
154 207
227 133
247 113
124 236
117 243
239 121
108 252
224 136
146 214
206 154
217 143
256 104
253 107
147 213
201 159
226 134
135 225
115 248
244 119
107 256
227 136
258 105
219 144
156 207
234 128
248 114
109 253
254 108
259 103
147 215
153 209
154 208
207 155
157 205
118 247
107 258
227 138
139 226
147 218
216 149
207 158
159 206
235 129
249 115
239 125
119 245
107 257
249 118
109 258
139 228
209 158
237 129
117 249
128 238
118 248
258 108
147 219
148 218
239 129
219 149
250 110
150 210
131 231
101 261
262 100
220 142
151 211
100 261
160 201
232 132
234 130
121 243
264 100
150 214
232 131
112 251
152 211
200 163
230 136
256 110
231 135
240 126
211 155
143 223
222 144
160 206
220 146
210 156
216 150
212 154
203 163
240 125
110 255
252 113
104 261
165 200
223 142
151 214
211 154
205 160
201 164
204 161
118 250
112 256
134 234
162 206
253 115
252 116
157 211
240 128
243 125
107 261
155 213
265 103
143 225
218 150
111 256
253 114
106 261
141 226
144 223
151 216
152 215
115 255
114 256
147 223
134 236
202 168
132 238
251 119
129 241
108 262
143 227
212 158
105 265
155 215
143 226
136 233
139 230
232 137
239 130
144 225
149 220
240 129
224 145
148 221
269 100
1 6
223 146
246 123
244 125
206 163
141 228
201 168
257 115
258 114
237 135
253 119
165 207
249 123
148 224
157 215
245 127
144 228
106 266
267 105
216 156
142 229
139 232
113 258
159 212
147 224
234 137
115 256
255 116
8 1
3 6
217 154
246 125
264 107
135 239
236 138
238 136
8 2
109 265
267 107
156 218
159 215
208 166
125 248
256 117
138 235
237 136
135 238
206 167
7 4
145 228
147 226
154 219
268 105
3 9
4 8
148 228
149 227
257 118
136 239
249 126
266 109
108 267
268 107
157 218
239 139
259 119
8 6
238 139
7 8
241 130
270 101
221 150
171 200
110 260
130 240
260 113
103 270
150 223
110 262
232 140
132 240
121 251
101 271
220 152
212 160
172 200
230 145
134 241
250 125
223 152
275 100
215 160
165 210
171 204
172 203
250 124
231 143
142 232
133 241
131 243
104 270
272 102
210 164
201 173
233 144
232 145
115 262
130 247
250 127
227 150
166 211
273 104
162 215
171 206
154 223
216 161
122 254
111 265
172 204
112 264
114 262
171 205
236 140
255 121
132 244
153 223
100 276
235 144
230 149
212 167
232 147
244 135
207 172
264 115
150 229
155 224
218 161
139 240
258 121
154 225
242 137
122 257
256 123
226 153
152 227
143 235
267 111
234 144
203 175
137 241
256 122
254 124
204 174
225 153
104 274
163 215
162 216
134 247
145 236
265 116
206 175
117 264
262 119
259 122
218 163
127 254
248 133
102 279
165 216
174 207
145 235
113 267
149 231
156 224
201 179
148 232
221 159
155 225
168 212
213 167
119 261
107 273
124 256
245 135
125 255
132 248
101 279
105 275
234 149
148 235
147 236
117 266
259 124
256 127
228 155
156 227
178 205
224 159
266 116
113 269
264 118
277 105
263 119
139 243
244 138
276 106
257 125
135 247
275 107
116 269
137 248
156 229
209 176
245 139
137 247
127 257
157 227
175 209
205 179
249 138
129 258
229 158
228 159
218 169
208 179
127 259
249 137
109 277
228 158
217 169
177 209
178 208
250 130
100 280
180 200
121 261
101 281
120 261
241 140
201 180
232 152
274 110
153 231
273 111
121 263
281 103
113 271
101 283
212 172
282 102
204 180
242 142
150 234
280 104
114 270
183 201
162 222
133 251
273 110
113 270
240 143
133 250
130 253
251 132
281 102
282 101
100 283
146 240
233 153
150 236
210 176
144 242
264 122
214 172
143 243
166 220
253 133
102 284
286 100
222 164
272 113
273 112
165 220
114 271
142 243
280 105
160 225
174 211
224 161
203 182
163 222
181 204
205 180
100 285
231 157
276 112
227 161
151 237
240 148
105 283
167 221
146 242
224 164
207 181
263 125
128 260
213 175
216 172
130 258
205 183
104 284
178 210
137 251
280 108
151 236
157 230
280 107
187 200
162 225
164 223
210 177
183 204
202 185
186 201
138 252
279 111
283 107
226 164
189 201
217 173
161 229
287 103
157 233
154 236
119 271
219 171
207 183
104 286
288 102
124 266
222 168
245 145
108 282
247 143
177 213
137 253
134 256
182 208
135 255
254 136
150 239
156 233
279 110
231 158
269 120
183 206
241 148
189 200
185 204
172 217
244 145
162 227
212 177
144 245
261 128
109 280
182 207
107 282
181 208
153 239
277 115
278 114
218 174
214 178
154 238
118 274
255 137
136 256
273 119
243 149
246 146
287 105
104 288
134 258
216 176
117 274
158 233
238 153
152 239
123 268
245 146
265 126
218 173
134 257
178 213
104 287
267 127
156 238
158 236
148 246
178 216
188 206
247 147
146 248
255 139
256 138
106 288
225 169
107 287
136 258
215 179
229 164
234 159
278 115
149 244
268 125
226 167
206 187
246 147
267 126
265 128
259 134
207 186
158 238
119 277
269 127
128 268
129 267
257 139
138 258
236 159
119 276
248 147
128 267
228 167
119 278
129 268
168 229
231 160
260 131
101 290
291 100
230 160
280 110
123 270
121 272
160 233
242 151
133 260
103 290
172 221
100 293
202 191
183 210
201 192
161 231
160 232
262 130
171 221
190 202
161 234
280 115
275 120
184 211
204 191
143 252
263 132
134 261
102 293
221 174
175 220
203 192
280 114
252 142
132 262
253 141
104 290
174 220
213 181
210 184
201 193
286 111
166 231
233 164
114 283
115 282
120 277
202 195
255 142
100 297
105 292
263 134
241 156
260 137
151 246
150 247
217 180
197 200
193 204
262 134
111 285
280 116
152 244
131 265
212 184
144 252
260 136
171 225
223 173
296 100
244 155
161 238
289 110
231 168
219 180
146 253
100 299
240 159
255 144
184 215
292 107
182 217
120 279
124 275
205 194
126 273
137 262
170 229
143 256
197 202
250 149
109 290
298 101
190 209
195 204
277 121
240 158
236 162
211 187
206 192
281 117
256 142
185 213
132 266
278 120
200 198
276 122
128 270
298 100
134 264
263 135
275 123
247 151
202 196
154 244
153 245
170 228
114 287
238 163
119 282
215 186
127 274
216 185
149 252
139 262
293 108
106 295
184 217
114 286
287 113
185 215
263 137
182 218
165 235
281 119
141 259
132 268
256 144
188 212
258 142
104 296
279 121
139 261
184 216
154 246
213 187
127 273
272 128
292 108
151 249
166 237
236 167
158 245
278 125
277 126
248 155
206 197
296 107
194 209
275 128
264 139
205 198
149 254
295 108
138 265
124 278
236 166
237 165
283 119
293 109
216 186
139 263
243 159
197 205
125 277
275 127
137 265
249 153
176 226
145 257
157 248
258 147
176 229
299 106
209 196
159 245
167 237
149 255
258 146
217 187
229 175
228 176
198 206
177 227
106 298
185 219
118 289
138 269
259 148
228 179
209 198
168 238
159 247
257 149
137 269
138 268
178 228
187 219
208 198
207 199
239 169
119 289
249 159
259 149
232 170
282 120
191 211
192 210
291 110
170 231
240 161
120 281
251 150
131 270
283 121
171 233
291 113
191 213
281 123
244 160
154 250
274 130
140 264
190 214
220 184
230 173
113 290
243 160
250 153
132 271
180 223
276 130
114 292
174 232
171 235
271 135
213 193
261 145
115 291
265 141
220 186
143 263
181 225
152 254
241 165
280 126
250 156
195 211
266 140
190 216
191 215
194 212
252 154
293 112
173 232
264 141
183 222
131 274
114 291
170 235
290 115
285 120
163 242
184 221
161 244
124 281
294 114
234 174
270 138
196 212
236 172
134 274
222 186
256 152
171 237
118 290
132 276
260 148
283 125
273 135
188 220
254 154
255 153
288 120
271 137
193 215
151 257
167 241
250 158
166 242
286 122
243 164
297 110
173 234
265 142
291 116
211 196
123 284
191 216
212 195
193 214
213 194
137 270
245 162
131 276
257 150
192 215
275 132
273 134
126 284
174 236
234 176
134 276
279 131
268 142
227 183
152 258
212 198
211 199
197 213
235 175
118 292
135 275
229 181
159 251
291 119
242 168
161 249
287 123
264 146
128 282
192 218
127 283
281 128
234 175
111 298
296 113
148 261
144 265
225 184
163 246
161 248
221 188
216 193
130 279
190 219
278 131
151 258
295 117
118 294
244 168
285 127
255 157
259 153
146 266
227 185
189 223
186 226
196 216
245 166
179 232
298 113
117 294
168 243
197 214
255 156
139 272
123 288
165 246
154 257
252 159
157 254
196 215
133 278
258 153
212 199
235 179
279 135
257 157
265 149
147 267
275 138
159 254
234 179
115 298
135 278
277 136
259 154
184 229
274 139
146 267
177 239
137 279
218 198
278 137
136 279
127 288
257 158
277 138
266 149
198 217
147 268
187 228
227 188
129 289
169 248
289 128
268 149
181 230
180 231
241 170
290 121
260 151
120 290
130 280
220 190
172 241
170 243
250 163
161 252
132 281
273 140
270 143
170 242
240 172
290 122
160 252
280 132
261 151
141 271
142 270
222 190
174 241
180 235
175 240
242 173
244 171
251 164
260 155
221 194
151 264
144 271
171 243
251 163
283 131
263 151
270 144
190 224
194 220
233 184
230 187
176 241
270 147
226 191
294 123
145 272
126 291
287 130
133 284
220 197
282 135
261 156
121 295
181 235
160 256
236 180
122 294
172 244
292 124
143 273
285 131
284 132
162 254
264 152
262 154
141 275
240 179
183 236
188 231
184 235
241 178
227 192
221 198
126 293
140 279
167 252
225 194
145 274
253 166
268 151
133 286
156 263
261 157
298 120
121 297
291 127
224 194
286 132
254 164
284 134
255 163
143 275
160 258
278 140
265 153
148 270
197 221
189 232
236 185
183 238
179 242
177 244
289 132
256 165
262 159
157 264
257 164
259 162
297 123
299 121
127 293
172 248
152 268
167 253
199 221
157 263
156 264
147 273
265 155
274 146
195 225
239 184
236 187
186 237
128 295
129 294
168 255
257 166
227 196
146 277
165 258
265 158
127 295
233 189
234 188
146 276
124 298
143 279
126 296
285 137
294 128
284 138
129 293
169 253
266 156
134 288
255 167
256 169
168 257
269 156
199 226
297 127
246 178
126 298
177 247
157 267
196 228
288 136
258 166
259 165
285 139
279 145
148 276
149 275
189 238
178 249
279 148
187 239
127 299
248 178
259 167
148 278
269 157
197 229
139 289
230 192
191 231
182 240
291 131
151 271
251 170
160 261
280 141
150 271
173 251
133 291
260 164
144 280
270 154
272 152
130 293
172 251
140 283
235 191
192 234
245 181
180 246
172 254
135 291
170 256
284 142
266 160
250 175
245 180
232 193
172 253
135 290
285 140
272 153
261 164
151 274
143 282
161 264
263 165
134 294
231 197
173 255
288 140
144 284
283 145
151 277
148 280
271 157
232 195
235 192
237 190
240 187
184 243
270 157
181 246
172 255
142 285
266 161
257 170
286 141
156 271
167 260
261 166
246 184
191 239
194 236
299 131
139 291
168 262
285 145
282 148
154 276
275 155
297 132
192 237
230 199
195 234
292 137
187 242
252 177
278 151
133 296
256 173
269 160
295 134
274 155
271 158
294 135
263 166
280 149
174 255
282 147
268 161
235 197
247 185
176 256
175 257
166 266
147 285
269 163
283 149
276 156
192 239
193 238
243 188
179 252
299 132
258 173
143 288
154 277
148 283
279 152
278 153
136 298
179 255
197 237
239 195
135 299
256 178
288 146
147 287
137 297
159 275
289 145
266 168
234 199
197 236
248 185
184 249
139 294
146 287
275 158
188 248
298 138
159 277
178 257
268 167
166 269
278 157
199 239
259 178
298 139
268 169
190 241
261 170
141 290
271 160
240 190
250 180
243 190
250 183
251 182
152 281
160 273
171 261
251 181
260 172
170 262
142 290
270 162
282 150
271 161
152 280
260 175
243 192
275 160
250 185
155 280
184 251
253 182
293 142
172 263
273 162
164 271
274 161
152 283
241 193
243 191
183 251
253 181
174 260
172 262
162 272
281 153
192 245
167 270
151 286
153 284
277 160
255 181
296 140
295 141
262 174
145 291
271 165
164 272
274 162
190 249
199 240
191 248
280 159
256 183
264 175
282 157
265 174
272 167
278 161
285 154
284 155
296 142
194 244
252 186
164 274
185 253
184 254
181 257
263 175
145 293
157 281
288 150
176 265
199 242
198 243
195 246
254 187
256 185
177 264
172 269
272 169
158 283
295 146
294 147
279 162
183 257
192 248
171 269
256 184
259 181
179 261
262 178
264 176
284 156
274 166
154 286
144 296
148 292
276 164
167 273
246 197
255 188
266 177
295 148
274 169
168 275
288 155
199 243
198 244
184 258
298 144
268 174
269 173
154 288
147 298
288 157
247 197
249 195
255 189
185 259
178 266
167 277
286 158
159 285
198 249
298 149
288 159
199 247
248 198
288 158
191 251
252 190
181 260
271 170
290 151
183 261
262 182
180 264
154 290
162 282
193 250
182 261
262 181
182 264
250 196
260 186
184 262
263 183
175 271
295 151
152 294
281 165
192 253
255 190
182 263
272 173
165 280
160 285
284 161
282 163
255 193
191 257
150 298
176 272
296 152
275 173
155 293
290 158
255 192
250 197
194 253
193 254
187 260
261 186
184 263
274 173
183 264
167 280
272 175
157 290
163 284
256 194
195 255
166 284
261 189
264 186
183 267
154 296
294 156
288 162
286 164
158 292
281 169
165 285
250 199
195 254
191 258
264 185
296 153
154 295
294 155
281 168
255 197
186 266
296 156
157 295
255 196
188 263
187 264
269 182
178 273
298 153
177 274
174 277
173 278
157 294
282 169
258 196
195 259
177 277
167 287
159 294
284 169
289 164
188 268
187 269
197 258
186 269
156 299
298 157
177 278
167 288
190 261
181 270
260 190
190 263
161 292
171 282
162 291
291 161
162 290
270 185
273 182
172 283
163 292
164 291
191 263
284 170
262 195
194 263
183 274
265 191
186 270
185 271
182 274
281 175
286 170
194 265
266 193
192 267
187 272
274 185
181 278
266 192
184 274
277 181
282 176
293 165
168 290
262 199
184 277
298 163
296 165
169 292
196 264
271 189
272 188
273 187
181 279
178 282
286 174
173 287
196 267
188 275
276 187
299 164
168 295
196 266
193 269
274 188
275 187
186 276
183 279
179 283
285 177
176 286
266 199
268 197
278 187
186 279
289 176
197 267
187 277
167 297
288 176
198 269
179 288
298 169
179 287
297 169
269 199
189 279
292 170
270 194
280 184
182 282
283 181
284 180
191 272
190 273
281 182
283 180
290 173
192 274
184 282
283 183
290 176
171 295
174 292
190 275
185 280
184 281
175 290
193 275
281 187
283 185
286 182
291 177
173 295
271 196
272 195
194 273
292 175
172 295
194 276
191 279
184 286
197 272
276 193
277 192
282 187
286 183
182 287
290 179
296 173
274 198
298 174
188 283
189 282
295 176
187 284
186 285
185 286
183 288
172 299
293 178
294 177
288 186
176 298
285 188
179 294
297 179
177 299
299 176
178 299
191 280
190 283
180 293
192 280
191 284
295 180
181 293
195 282
286 190
281 198
196 283
286 193
191 288
291 188
182 297
298 181
194 284
283 198
286 195
287 194
288 193
199 281
193 287
299 181
195 288
289 194
287 195
289 193
187 295
299 183
189 296
188 297
187 298
299 186
196 288
289 195
296 188
199 288
199 289
193 291
292 191
290 196
193 293
290 198
197 291
196 292
194 294
290 197
194 293
297 190
291 199
198 292
196 294
297 193
198 291
195 294
194 295
199 293
295 197
194 298
199 292
295 196
297 197
195 299
194 299
197 298
196 299
3 200
1 203
2 204
203 4
4 204
6 202
7 201
201 8
209 1
208 2
4 206
209 2
5 206
6 205
204 7
209 4
7 206
204 9
209 5
207 9
9 209
211 1
2 211
2 212
3 211
6 210
5 212
214 4
7 211
217 2
3 216
5 214
211 8
1 219
2 218
216 4
5 215
9 212
4 218
217 5
216 6
214 8
213 9
6 218
216 8
219 8
223 3
220 6
6 222
220 8
227 2
229 1
2 228
4 226
5 225
5 226
222 9
4 229
228 5
8 225
224 9
229 5
8 226
8 227
8 228
227 9
8 229
9 229
230 1
230 3
5 232
233 4
8 230
3 235
1 237
1 238
232 8
3 237
7 234
234 8
239 3
9 236
1 241
3 240
242 1
240 4
240 6
9 240
242 8
249 1
244 6
3 248
249 3
9 244
7 247
249 9
1 252
3 250
1 253
1 254
251 5
251 6
7 250
251 7
257 2
258 2
8 252
4 258
257 5
256 6
255 7
5 258
259 6
261 1
262 1
261 3
260 4
2 263
261 4
260 5
2 264
3 263
5 261
3 264
260 7
1 267
3 266
269 1
2 268
267 4
263 8
262 9
266 6
263 9
268 7
9 266
7 269
270 1
271 2
271 3
4 270
7 271
5 274
273 6
7 272
9 270
1 279
274 6
273 7
9 271
279 2
3 278
279 4
274 9
8 279
9 278
281 2
282 2
281 4
284 4
8 280
2 287
6 283
286 4
282 8
9 282
286 6
286 7
8 286
9 286
290 3
294 1
293 2
3 293
296 1
3 294
5 292
290 7
297 2
292 7
4 296
9 291
297 4
295 6
6 296
8 295
299 8
9 299
300 102
200 204
200 207
205 204
300 108
209 202
203 208
206 205
206 204
300 114
201 213
212 201
206 210
300 115
213 202
204 211
118 300
214 204
210 208
200 217
214 203
205 212
202 218
216 204
219 200
203 216
212 207
203 218
206 215
208 213
219 205
218 206
208 216
214 209
208 218
217 208
209 216
121 300
200 221
223 200
210 213
221 201
201 224
222 203
223 201
221 203
211 213
217 210
211 215
212 214
218 211
217 212
228 200
225 203
222 206
221 207
220 208
217 211
215 213
219 212
217 214
212 218
229 204
228 204
206 226
218 214
217 215
229 206
208 227
209 226
215 219
218 219
209 227
221 211
200 231
300 131
230 204
211 223
210 223
212 221
230 206
204 232
234 202
235 201
214 222
232 203
215 220
207 231
237 201
224 213
222 215
217 220
207 233
235 205
211 229
228 212
224 216
218 222
207 232
235 204
203 236
201 238
139 300
211 228
215 224
236 206
216 226
232 209
233 208
206 235
205 236
219 222
228 216
208 235
217 226
219 224
209 237
227 218
209 238
219 228
240 200
140 300
233 210
240 203
200 243
300 143
223 220
222 220
232 213
241 204
203 242
225 220
230 214
231 213
242 202
232 215
212 235
236 211
237 210
221 226
225 222
240 206
241 205
242 204
203 243
225 221
222 224
218 231
232 217
247 202
228 221
215 233
241 207
206 242
204 244
228 220
219 232
216 235
215 236
209 242
244 207
203 248
231 219
211 239
207 243
201 249
216 237
215 238
209 244
207 246
239 213
249 203
224 228
219 236
248 207
217 237
209 245
226 228
239 218
249 207
250 200
230 222
232 220
212 240
300 151
230 224
234 220
214 240
253 201
300 154
241 212
250 203
253 200
235 221
232 224
220 236
213 243
211 245
206 250
254 202
200 256
156 300
233 222
220 235
242 213
255 200
227 231
235 223
242 216
254 204
243 214
211 246
250 207
204 253
227 233
219 241
217 243
245 215
248 212
252 208
206 254
231 228
227 232
215 244
211 248
208 251
255 204
202 257
258 201
238 224
239 223
219 243
245 217
209 253
235 226
214 247
213 248
228 236
237 227
248 216
255 209
259 205
235 228
227 236
227 239
228 237
227 238
247 218
217 248
229 238
218 249
101 11
100 12
12 106
101 18
108 12
13 107
19 101
12 109
102 19
108 14
103 19
108 15
106 18
105 19
221 240
261 200
108 17
200 260
212 251
211 252
203 260
18 109
162 300
19 109
201 264
231 233
240 224
237 230
241 226
250 217
212 255
261 206
265 202
224 242
246 220
210 256
263 203
266 200
231 238
248 221
261 208
269 200
300 169
263 205
227 241
243 225
224 244
247 221
251 217
215 253
300 168
260 208
202 266
235 236
253 218
209 262
202 269
209 261
237 233
236 234
228 242
227 243
225 245
247 223
268 202
248 222
211 259
201 269
228 245
226 247
215 258
268 205
228 244
248 224
249 223
253 219
214 258
269 203
227 248
259 216
269 206
218 256
265 209
229 248
100 20
249 229
110 13
110 14
10 114
104 20
102 22
14 111
113 12
10 115
104 21
100 25
20 106
17 110
111 16
15 112
23 104
110 18
108 20
15 114
11 118
10 119
20 109
23 106
28 101
112 18
116 14
109 21
107 23
29 101
108 23
104 27
19 113
15 117
116 17
16 117
24 109
106 27
29 104
116 18
118 16
119 15
106 28
240 232
116 19
18 117
250 222
261 211
202 270
119 17
221 253
200 274
242 231
241 232
233 240
109 29
251 222
231 245
226 250
222 254
221 255
262 214
264 212
273 203
200 276
242 233
222 253
254 221
215 260
213 262
271 204
274 201
238 240
227 251
214 264
210 268
270 208
278 200
231 246
232 245
235 242
241 236
250 227
267 210
205 272
201 276
248 232
227 253
265 215
208 272
273 207
278 202
215 264
258 221
261 218
265 214
300 179
213 266
269 210
274 205
278 201
279 200
244 238
229 253
254 228
213 269
209 273
242 239
245 236
237 244
275 206
243 238
229 252
226 255
225 256
276 205
213 268
274 207
219 262
218 263
229 255
225 259
216 268
215 269
236 247
245 238
255 228
265 218
266 217
228 258
268 218
229 256
257 228
267 218
268 217
120 10
209 279
228 259
10 122
102 30
23 110
111 22
30 103
32 101
111 23
20 114
123 12
30 105
32 103
125 11
123 13
106 30
103 33
114 23
21 116
16 121
17 120
102 35
36 101
100 37
24 114
116 22
117 21
13 125
32 106
104 34
113 26
118 21
129 10
15 124
18 121
19 120
107 32
35 104
27 113
25 115
116 24
118 22
21 119
126 14
122 18
101 39
119 22
12 129
18 123
19 122
108 33
35 106
13 129
18 124
18 125
19 124
115 29
28 116
210 271
19 126
242 241
231 252
250 233
117 29
17 129
127 19
220 263
203 280
202 281
252 230
119 28
128 19
282 200
19 129
243 242
262 223
222 263
205 280
285 200
251 233
214 270
212 272
283 201
232 255
254 233
272 215
283 204
231 255
265 221
200 286
234 255
243 246
210 279
208 281
200 289
262 226
268 220
218 270
215 273
280 208
264 227
235 256
222 269
218 273
204 287
215 276
277 214
279 212
288 203
282 209
286 205
234 256
251 239
243 247
219 271
274 216
283 207
285 205
238 255
239 254
228 265
266 227
274 219
206 287
289 204
258 234
247 245
267 225
278 214
283 209
287 205
227 268
217 278
279 216
259 235
256 238
265 229
269 225
275 219
218 276
287 207
208 289
247 249
268 228
289 207
31 110
100 41
21 121
219 279
110 33
32 111
30 113
12 131
22 121
21 122
100 43
20 123
102 41
101 42
33 111
31 113
124 20
104 40
134 11
15 130
122 23
32 114
115 31
123 23
126 20
12 135
112 35
117 30
137 10
11 136
26 121
25 122
126 21
103 44
113 35
132 16
126 22
108 40
104 44
136 13
39 110
37 112
10 139
18 131
128 21
108 41
102 47
100 49
112 38
25 125
21 129
108 42
46 104
33 118
135 16
19 132
22 129
107 44
34 118
139 13
27 125
126 26
128 24
45 107
115 38
138 15
46 107
105 48
104 49
300 190
116 38
117 37
138 16
29 125
128 26
109 45
49 105
136 19
27 128
26 129
48 107
272 220
280 212
201 291
300 192
260 231
240 251
241 250
29 127
128 28
291 200
38 119
48 109
270 224
220 274
212 282
204 290
293 201
252 241
251 242
29 129
223 270
201 292
212 284
206 290
225 270
232 263
233 262
261 234
212 283
235 260
253 242
252 243
211 284
222 273
281 214
230 268
238 260
251 247
250 248
270 228
227 271
273 225
223 275
277 221
198 300
252 245
232 265
267 230
260 237
254 243
253 244
201 296
250 247
207 290
271 226
222 275
292 205
282 215
213 284
258 242
257 243
253 247
224 276
281 219
211 289
202 298
299 201
248 251
261 238
298 201
249 250
227 272
289 210
299 200
199 300
277 222
220 279
291 208
281 218
282 217
297 202
212 287
204 295
214 285
292 207
268 234
267 235
237 265
244 258
255 247
206 296
273 229
226 276
288 214
293 209
222 279
233 268
266 235
243 258
202 299
244 257
248 253
273 228
218 283
297 204
236 268
239 265
246 258
275 229
277 227
295 209
297 207
236 267
246 257
256 247
294 209
267 239
279 227
217 289
237 268
236 269
266 239
249 256
228 277
279 226
217 288
209 296
208 297
219 289
268 239
10 141
249 258
130 21
279 228
288 219
208 299
141 11
122 30
21 131
113 40
10 143
122 31
30 123
34 120
123 31
21 133
103 51
100 54
110 45
12 143
122 33
100 55
110 46
112 44
40 116
126 30
25 131
44 113
42 115
103 54
40 117
16 141
121 36
126 31
137 20
135 22
52 105
56 101
47 111
114 44
140 18
121 37
24 134
25 133
17 142
144 15
41 118
11 148
122 37
56 103
123 36
35 124
101 58
33 126
51 108
41 119
148 12
36 124
129 31
21 139
109 51
52 108
107 53
45 116
49 112
43 118
149 12
13 148
19 142
58 103
23 138
27 134
53 108
113 49
149 13
15 147
146 16
136 26
135 27
58 104
103 59
118 45
115 48
117 46
106 57
44 119
15 148
38 125
27 136
37 126
36 127
34 129
46 118
149 15
241 260
135 29
56 108
58 106
59 105
230 270
116 49
118 47
109 56
58 107
220 280
232 271
118 48
37 129
28 138
59 107
291 212
240 262
128 39
280 222
220 282
275 230
272 233
129 39
59 109
223 282
285 220
213 292
240 264
242 262
223 281
294 210
235 272
270 237
250 257
221 286
291 216
294 213
270 236
240 266
263 243
252 254
282 224
221 285
239 270
231 278
236 273
264 245
281 228
223 286
222 287
289 220
211 298
273 235
266 242
216 292
244 267
277 234
235 276
269 242
243 268
249 262
252 259
256 255
297 214
224 287
275 235
271 239
245 265
254 256
214 296
236 277
276 237
286 227
226 287
219 294
237 275
243 269
263 249
294 218
297 215
266 249
296 219
279 235
269 245
288 229
50 110
237 279
277 239
60 100
140 21
31 130
11 151
122 40
31 131
62 100
51 112
143 20
33 130
133 30
54 110
52 112
122 42
140 24
30 134
111 54
154 11
15 150
120 45
41 124
24 141
25 140
34 131
32 133
56 110
116 50
32 134
10 156
12 154
136 30
152 14
151 15
144 22
131 35
133 33
110 57
155 12
16 151
134 33
32 135
30 137
107 60
100 67
15 153
58 110
53 115
34 134
137 31
33 135
156 12
17 151
136 32
48 120
133 35
124 44
42 126
127 41
151 18
14 155
153 16
62 107
121 48
126 43
148 21
25 144
137 32
67 102
108 61
155 15
56 114
119 51
11 159
12 158
106 64
154 16
44 126
101 69
128 42
148 22
104 66
119 52
112 59
117 54
14 157
122 49
48 123
125 46
35 136
32 139
62 109
33 138
59 113
116 56
155 17
44 128
129 43
145 27
137 35
16 157
117 56
48 125
134 39
136 37
36 137
139 34
107 66
68 105
116 58
19 155
127 47
37 137
116 59
57 118
49 126
148 27
138 37
68 107
158 18
128 48
29 147
284 230
274 240
250 264
262 252
261 253
290 224
222 292
159 19
231 282
119 59
272 241
250 263
261 252
109 69
290 223
293 220
284 232
253 263
260 256
223 293
296 220
231 284
235 280
274 241
251 264
263 252
254 261
281 237
241 277
271 247
258 260
226 292
224 294
297 221
298 220
241 276
284 233
283 234
235 282
275 242
265 252
263 254
260 257
293 224
233 287
285 235
237 283
278 242
255 265
291 229
298 222
276 243
285 234
297 222
239 280
245 274
251 268
255 264
257 262
291 228
293 226
288 234
287 235
236 286
279 243
278 244
276 246
249 273
257 265
298 224
232 289
276 245
274 247
292 229
296 225
297 224
256 268
266 258
259 265
234 289
237 286
254 269
266 257
265 258
225 298
238 288
287 239
279 247
248 278
267 259
299 226
60 110
289 239
50 120
249 279
269 259
140 30
299 229
100 70
110 61
111 60
10 161
151 20
130 41
30 141
160 12
52 120
102 70
50 123
21 152
130 43
103 70
72 101
73 100
131 43
21 153
124 50
152 22
23 151
132 42
41 133
141 33
74 100
73 101
112 63
114 61
164 11
120 55
121 54
122 53
135 40
55 121
66 110
111 65
70 106
163 13
120 56
23 153
103 73
41 135
30 146
142 34
104 72
100 76
111 66
67 110
112 65
114 63
120 57
53 124
22 155
130 47
136 41
156 22
112 66
164 14
162 16
150 28
75 103
47 131
43 135
147 31
35 143
101 77
50 129
167 12
110 69
60 119
162 17
55 124
103 76
31 148
53 126
155 24
73 106
131 48
29 151
69 111
107 73
68 112
123 57
128 52
102 78
23 157
133 47
145 35
141 39
79 101
123 58
169 12
68 113
114 67
16 165
45 136
163 18
34 147
73 108
145 36
52 129
158 23
27 154
13 169
67 115
23 159
76 106
26 156
138 44
35 147
36 146
73 109
79 103
107 75
114 69
16 167
19 164
57 126
48 135
138 45
148 35
109 74
230 291
231 290
56 128
155 29
105 79
250 271
270 251
149 35
38 146
261 260
69 116
157 28
139 46
149 36
39 146
77 108
69 117
283 240
241 282
272 251
48 138
109 77
78 108
232 290
280 242
29 158
270 252
109 78
233 292
169 19
280 245
253 272
254 271
280 244
261 263
235 292
282 245
275 252
253 274
267 260
251 275
272 254
270 256
262 264
232 297
233 296
236 293
292 237
288 241
281 248
273 256
237 291
282 246
281 247
255 273
257 271
268 260
232 299
298 233
234 297
295 236
289 242
252 279
258 273
237 293
287 243
256 274
273 257
248 285
269 264
265 268
288 244
248 284
278 254
237 298
287 248
286 249
257 278
295 239
248 286
299 238
269 268
239 297
267 269
10 171
130 51
80 101
72 110
112 70
249 289
131 51
150 32
41 141
101 81
170 13
71 112
63 120
22 161
131 52
132 51
152 31
43 140
142 41
170 14
71 113
10 174
12 172
64 120
121 63
123 61
24 160
152 32
34 150
65 120
115 70
110 75
10 175
172 13
124 61
21 164
162 23
142 43
153 32
85 100
45 140
135 50
34 151
120 66
73 113
72 114
116 70
62 124
152 34
44 142
22 164
32 154
45 141
81 105
163 23
100 86
26 160
136 50
131 55
104 82
137 50
70 117
10 177
66 121
64 123
23 164
81 106
57 130
134 53
43 144
151 36
107 80
102 85
178 10
76 112
74 114
107 81
177 11
150 38
170 18
126 62
56 132
31 157
127 61
24 164
108 80
27 161
134 54
138 50
106 82
32 156
103 85
100 88
69 120
116 73
111 78
35 154
144 45
115 74
173 16
18 171
40 149
58 131
132 57
138 51
31 158
137 52
108 81
19 171
111 79
49 141
151 39
71 119
12 178
89 101
177 13
174 16
42 148
67 123
164 26
133 57
46 144
87 103
116 75
12 179
15 176
17 174
153 38
56 135
154 37
104 87
18 173
172 19
143 48
124 67
53 138
25 166
28 163
148 43
59 132
144 47
116 76
113 79
16 176
173 19
37 155
33 159
84 108
124 68
35 157
149 43
66 126
47 145
169 23
44 148
166 26
144 48
57 135
69 124
77 116
16 177
64 129
27 166
134 59
37 156
137 56
145 48
45 148
159 34
157 36
105 88
77 117
118 76
177 17
129 65
58 136
36 158
37 157
49 145
108 86
147 47
45 149
116 79
66 129
168 27
29 166
158 37
290 241
58 138
139 57
261 270
292 242
271 263
48 149
109 88
240 293
69 129
253 280
262 271
293 243
252 284
294 241
282 253
254 281
264 271
265 270
254 284
255 283
281 257
260 278
273 265
242 295
287 250
284 253
256 281
257 280
264 273
270 267
293 247
297 243
289 251
253 287
286 254
258 282
281 259
262 278
264 276
241 298
243 296
291 248
286 253
285 254
256 283
278 261
267 272
244 298
295 247
294 248
255 287
276 266
268 274
297 244
296 245
285 256
263 278
277 264
267 274
247 297
295 249
256 287
265 278
277 266
269 274
267 279
268 278
299 246
267 278
299 249
60 130
50 140
249 298
61 130
30 161
269 278
151 40
41 150
72 120
132 60
52 140
142 50
82 111
123 70
62 131
132 61
53 140
92 101
100 93
111 83
82 112
113 81
13 181
53 141
33 161
93 101
122 72
162 32
71 123
20 174
21 173
24 170
143 51
90 104
84 111
10 185
13 182
31 164
160 35
140 55
41 154
153 42
103 92
83 113
116 80
150 46
34 162
182 14
124 72
161 35
23 173
171 25
131 65
64 132
33 163
112 85
114 83
115 82
64 133
170 27
10 187
184 13
77 120
132 65
103 94
167 30
177 20
176 21
34 163
136 61
172 25
134 63
164 34
175 23
113 85
20 178
50 148
67 131
145 53
30 168
94 104
167 31
163 35
56 142
112 87
113 86
83 116
76 123
127 72
96 103
109 90
128 71
32 167
23 176
137 62
158 41
154 45
161 38
170 29
134 65
138 61
132 67
51 148
156 43
12 188
115 85
81 119
61 139
29 171
68 132
182 18
76 124
72 128
21 179
63 137
37 163
175 25
174 26
96 104
98 102
161 39
17 184
117 84
16 185
19 182
43 158
68 133
59 142
157 44
34 167
127 74
94 107
54 147
49 152
45 156
129 72
22 179
62 139
69 132
175 26
29 172
118 84
83 119
107 95
16 186
143 59
18 184
125 77
126 76
75 127
35 167
108 94
159 43
153 49
129 73
23 179
133 69
88 115
74 129
135 68
36 167
38 165
147 56
94 109
98 105
187 17
86 118
15 189
55 149
27 177
29 175
291 250
251 290
68 136
166 38
95 109
128 77
178 27
290 250
139 66
148 57
159 46
49 156
119 87
88 118
251 292
139 67
169 37
167 39
59 147
58 148
98 108
57 149
118 89
88 119
189 18
19 188
129 78
282 260
59 148
98 109
89 119
255 290
262 283
282 263
264 281
273 272
293 251
297 250
295 252
256 291
282 265
280 267
272 275
295 251
261 285
265 281
251 298
254 295
291 258
259 290
260 289
263 286
274 275
265 283
271 277
275 273
298 253
256 295
288 263
267 284
279 272
299 251
252 298
289 261
282 268
269 281
277 273
254 298
255 297
285 267
256 299
296 259
266 289
295 259
278 276
180 20
257 299
170 30
287 269
191 10
110 92
30 172
289 269
162 40
82 121
191 12
123 80
72 131
132 71
32 171
61 142
143 60
162 41
111 93
122 82
22 182
23 181
132 72
31 173
33 171
44 160
153 51
172 33
111 94
112 93
150 55
115 90
22 183
180 25
62 143
45 160
61 144
72 133
170 35
65 140
114 92
90 116
163 43
10 196
11 195
16 190
120 86
30 176
63 143
62 144
92 115
112 95
42 165
45 162
56 151
54 153
15 192
65 142
184 23
164 43
156 51
26 181
180 27
77 130
173 34
67 140
74 134
112 96
52 156
194 14
192 16
82 126
22 186
36 172
65 143
184 24
178 30
163 45
72 136
140 68
71 137
175 33
188 21
94 115
97 112
199 10
13 196
76 133
162 47
72 137
160 49
52 157
32 177
42 167
195 15
96 114
45 165
167 43
152 58
119 91
26 184
133 77
168 42
153 57
137 73
166 44
65 145
146 64
156 54
147 63
62 148
95 116
112 99
145 66
69 142
13 198
147 64
159 52
134 77
63 148
47 164
14 197
19 192
122 89
124 87
24 187
36 175
125 86
188 23
127 85
116 96
95 117
13 199
56 156
198 14
196 16
19 193
175 37
64 148
88 124
46 166
176 36
38 174
138 74
133 79
67 145
16 197
94 119
186 27
147 66
136 77
76 137
35 178
176 37
148 65
174 39
44 169
260 290
154 59
144 69
88 126
26 188
176 38
175 39
148 66
58 156
116 99
118 97
58 157
128 87
188 27
136 79
69 146
147 68
169 46
272 280
118 98
97 119
28 188
178 38
290 261
69 147
67 149
159 57
264 290
284 270
119 99
89 129
139 79
280 273
59 159
262 294
265 291
263 292
275 280
266 292
291 267
273 285
283 275
282 276
277 281
280 278
297 260
275 282
281 276
298 262
296 264
291 269
271 289
284 276
279 281
297 262
291 268
288 271
282 277
264 298
274 288
298 263
267 294
299 265
298 266
269 295
277 287
285 279
299 264
275 288
268 298
297 269
298 267
268 297
286 279
120 90
299 269
20 191
299 268
150 61
151 60
121 91
80 132
141 71
50 162
91 122
90 123
131 82
80 133
172 41
171 42
63 150
160 53
91 123
121 93
82 132
32 182
33 181
144 70
174 40
162 52
172 42
60 154
44 170
94 121
191 24
135 80
142 73
171 44
153 62
61 154
50 165
164 51
80 136
120 96
20 196
176 40
170 46
150 66
135 81
30 186
152 64
36 180
156 60
151 65
76 140
74 142
174 42
71 145
61 156
127 90
195 22
23 194
130 87
85 132
44 173
150 67
164 53
125 93
121 97
95 123
43 175
42 176
92 126
195 23
133 85
161 57
172 46
135 83
186 32
158 60
34 184
147 71
47 171
157 61
195 24
199 20
198 21
26 193
170 49
71 148
162 57
52 167
54 165
131 88
42 177
157 62
87 132
180 39
78 141
146 73
195 25
33 187
136 84
161 59
183 37
182 38
144 76
149 71
165 55
173 47
67 153
163 57
79 142
126 95
57 164
46 175
158 63
26 195
194 27
137 84
73 148
44 177
174 47
48 173
43 178
32 189
39 182
55 166
77 144
49 172
146 75
42 179
169 52
123 99
127 95
27 195
46 176
47 175
156 66
164 58
163 59
124 99
95 128
197 26
89 134
64 159
84 139
168 55
37 186
184 39
144 79
179 44
166 57
99 125
26 198
37 187
76 148
75 149
69 155
168 56
96 129
197 28
137 88
87 138
139 86
49 176
156 69
98 128
138 88
38 188
147 79
48 178
272 291
168 58
199 28
148 79
78 149
48 179
159 68
199 29
275 290
280 285
282 283
293 271
292 272
290 274
284 280
274 293
274 292
273 296
278 291
298 270
281 287
299 272
292 279
282 289
288 283
286 285
271 299
292 278
296 277
278 295
279 294
298 274
276 296
294 278
289 283
288 284
287 285
275 299
285 289
286 288
299 278
150 70
279 297
30 191
81 140
181 40
132 90
192 30
150 72
141 82
81 142
143 80
41 182
151 72
173 50
172 51
63 160
193 31
34 190
40 184
152 72
70 154
51 173
134 91
35 190
140 85
144 81
191 35
144 82
80 146
40 186
180 46
74 152
51 175
166 60
55 171
161 65
92 135
144 83
145 82
147 80
175 52
166 61
38 190
35 193
133 95
30 198
66 162
61 167
81 147
42 186
47 181
163 65
180 48
177 51
150 78
138 91
133 96
32 197
192 37
146 83
70 159
172 57
51 178
44 185
78 151
153 76
72 157
47 183
195 35
95 135
139 91
194 36
167 63
154 76
141 89
44 186
182 48
174 56
178 52
153 77
168 62
155 75
49 181
135 96
198 33
195 36
38 193
39 192
143 88
163 68
87 144
42 189
184 47
72 159
66 165
158 73
183 49
134 98
135 97
38 194
144 88
47 185
79 153
158 74
164 68
165 67
97 136
137 96
139 94
35 198
39 194
155 78
159 74
179 54
56 177
66 167
199 35
189 45
78 156
56 178
66 168
65 169
148 87
138 97
96 139
156 79
78 157
280 292
290 282
167 68
168 67
158 78
179 57
98 139
178 59
282 292
284 290
49 189
282 291
284 292
285 291
280 298
285 293
287 291
288 290
297 280
296 281
295 282
293 284
298 282
295 285
283 299
287 295
299 282
286 295
297 287
190 40
299 289
191 40
150 81
151 80
161 70
191 41
152 80
161 71
60 172
92 141
191 42
190 43
81 152
181 52
71 162
70 163
194 40
140 94
93 141
90 144
193 41
42 192
191 43
74 160
71 163
95 140
142 93
185 50
75 160
156 80
94 142
96 140
40 196
192 44
172 64
84 152
82 154
183 53
174 62
75 161
71 165
92 145
143 94
144 93
146 91
71 166
195 42
162 75
73 164
153 84
51 186
53 184
181 56
64 173
170 67
190 48
97 141
91 147
196 42
155 83
158 80
54 184
57 181
71 167
61 177
65 173
46 193
93 146
99 140
92 147
40 199
198 41
61 178
195 44
164 75
73 166
155 84
47 192
154 85
169 71
98 142
149 91
42 198
85 155
158 82
81 159
161 79
162 78
176 64
174 66
85 156
96 145
146 95
197 44
195 46
73 168
192 49
69 172
74 167
179 62
86 155
178 63
78 163
77 164
144 98
47 195
88 154
155 87
184 58
176 66
99 144
147 96
47 196
48 195
155 88
159 84
187 56
68 175
197 47
196 48
89 155
291 290
149 96
146 99
156 89
88 157
158 87
187 58
166 79
169 76
69 176
98 148
199 47
89 157
158 88
59 187
169 77
149 98
49 198
69 178
159 89
169 79
291 294
295 291
294 292
293 296
298 295
294 298
296 299
298 297
190 50
52 190
60 182
61 181
172 70
193 50
162 81
182 61
63 180
170 73
90 154
192 52
161 83
61 183
73 171
172 72
71 173
150 95
5 300
152 93
91 154
160 85
163 82
184 61
75 170
171 74
151 95
51 195
193 53
85 161
184 62
175 71
150 97
154 93
160 87
164 83
167 80
62 185
182 65
170 77
198 50
8 300
158 90
51 197
192 56
190 58
184 64
182 66
67 181
176 72
174 74
95 154
9 300
157 92
59 190
161 88
77 172
173 76
85 164
168 81
180 69
71 178
170 79
98 152
99 151
185 65
95 155
62 188
93 157
174 76
91 159
51 199
58 192
164 86
168 82
95 156
52 199
189 62
78 173
153 99
96 156
157 95
196 56
59 193
76 176
168 84
169 83
64 188
173 79
75 177
197 56
166 87
169 84
188 65
69 184
75 178
179 74
155 99
156 98
197 57
87 167
85 169
66 188
176 78
76 178
96 159
199 56
58 197
88 167
66 189
76 179
187 69
68 189
188 69
78 179
189 69
170 81
160 92
171 81
173 80
90 164
60 194
172 82
93 162
95 160
92 163
91 164
90 165
170 85
75 180
171 84
71 184
183 72
91 165
90 166
191 65
83 173
82 174
184 72
73 183
182 74
181 75
186 71
162 95
92 165
174 83
177 80
185 72
183 74
76 181
77 180
185 73
92 166
96 162
95 163
180 78
91 167
60 198
192 66
86 172
184 74
183 75
197 62
91 168
162 97
92 167
64 195
65 194
69 190
83 176
187 72
81 178
94 166
96 164
95 165
63 197
172 88
86 174
177 83
82 178
183 77
76 184
92 169
66 195
69 192
88 173
87 174
179 82
99 163
98 164
97 165
194 68
174 88
85 177
184 78
79 183
197 66
88 175
76 187
166 98
175 89
178 86
167 98
97 168
66 199
88 177
179 86
77 188
69 197
79 187
168 99
179 88
189 78
79 189
172 90
192 70
191 71
190 72
81 181
172 91
180 83
90 174
72 192
73 191
84 180
95 170
173 92
175 90
195 70
193 72
191 74
90 176
71 195
73 193
192 74
190 76
80 186
90 177
74 193
76 191
85 182
192 76
180 88
182 86
87 182
93 176
178 91
70 199
73 196
194 75
84 185
187 82
81 188
98 172
174 96
75 195
194 76
182 88
184 86
188 82
175 96
92 179
197 74
185 86
189 82
95 177
179 93
195 77
89 183
77 196
78 195
79 194
87 186
187 86
96 178
95 179
88 186
87 187
176 99
76 199
187 88
98 178
97 179
188 88
87 189
192 81
82 192
191 83
94 181
193 82
191 84
93 183
91 185
195 81
97 180
181 96
192 85
97 181
184 94
83 195
185 94
196 83
98 182
91 189
199 81
196 84
193 87
89 191
99 182
98 183
93 188
195 86
88 193
89 192
187 95
194 88
99 184
84 199
198 85
99 185
88 196
188 97
89 196
189 97
197 89
88 199
198 89
90 190
91 190
191 90
193 90
191 94
90 195
96 190
190 98
196 92
197 91
198 90
91 198
196 94
98 193
95 196
197 95
199 93
197 96
199 94
98 197
198 99
2 10
5 10
4 11
6 10
3 14
2 15
1 16
14 4
3 15
17 1
7 12
14 5
18 1
11 9
5 16
18 3
17 5
3 19
15 8
17 6
7 18
17 9
2 20
2 22
23 2
20 5
4 22
4 23
26 2
1 28
2 27
8 21
20 9
1 29
2 28
23 7
28 3
25 6
24 7
26 6
9 23
28 5
27 7
26 8
8 28
1 31
3 30
1 34
3 32
2 34
35 2
5 32
8 30
38 1
33 6
38 2
4 36
33 7
9 31
4 38
33 9
5 38
6 38
38 8
40 2
42 2
42 4
41 5
6 40
46 1
44 3
3 46
44 5
49 1
46 5
42 9
49 4
7 47
47 8
9 46
48 8
50 1
1 53
54 1
53 2
52 3
5 50
6 50
4 53
54 4
53 5
55 4
52 7
55 5
4 57
56 5
5 58
58 6
7 57
56 8
7 59
60 2
2 61
2 62
3 61
4 60
1 64
63 2
3 63
5 61
6 60
4 63
6 61
66 3
5 65
9 62
63 9
69 4
69 6
68 7
1 70
70 4
73 2
71 4
72 4
7 72
2 78
74 6
72 8
4 77
6 75
77 5
74 8
75 8
78 8
200 300
1 81
2 80
81 2
80 3
2 82
1 84
4 81
86 1
3 84
5 82
7 80
87 1
6 82
7 81
8 80
88 1
2 88
7 84
83 8
3 89
89 4
6 87
8 88
211 300
90 1
2 90
90 3
216 300
94 1
2 93
94 2
95 2
93 4
2 96
90 8
1 98
94 5
8 91
9 91
4 98
99 8
300 220
300 224
300 223
300 227
233 300
234 300
300 236
300 238
240 300
242 300
300 252
259 300
10 201
200 12
11 203
12 204
14 202
205 12
10 208
206 12
10 209
13 206
202 17
18 201
14 206
205 15
16 204
12 209
17 204
15 207
208 16
16 209
300 262
261 300
208 19
269 300
10 210
20 200
10 212
214 10
10 216
14 212
16 210
216 11
207 20
204 24
19 210
207 22
206 23
27 202
28 201
29 200
219 11
215 15
209 21
23 207
209 22
208 23
205 26
217 15
17 215
209 23
19 214
26 207
219 15
207 27
29 205
209 26
18 218
273 300
19 218
300 279
21 210
20 212
30 202
212 21
22 211
221 13
32 202
222 13
32 203
202 33
35 200
13 223
221 15
16 220
212 24
203 33
202 34
36 200
20 217
21 216
30 207
226 12
13 225
14 224
212 26
211 27
28 210
206 32
205 33
227 12
11 228
220 19
20 219
21 218
215 24
26 213
207 32
34 205
223 17
19 221
27 213
29 211
37 203
229 12
18 223
23 218
24 217
215 27
214 28
34 208
205 37
204 38
225 18
24 219
218 25
226 18
36 208
227 18
38 207
39 206
229 17
18 228
29 217
207 39
219 28
38 209
283 300
287 300
220 20
30 210
202 40
41 201
231 12
233 10
33 210
201 42
220 24
213 31
13 232
220 25
212 33
20 226
223 23
24 222
26 220
216 30
204 42
15 232
13 234
20 227
27 220
33 214
231 17
12 236
238 10
28 220
217 31
207 41
42 206
202 46
231 18
239 10
29 220
219 30
39 210
40 209
45 204
200 49
14 236
237 13
24 226
32 218
214 36
42 208
233 18
13 238
228 23
225 26
27 224
217 34
47 204
233 19
27 225
33 219
34 218
213 39
44 208
225 28
206 47
238 16
227 27
26 229
27 229
209 47
229 28
300 292
296 300
210 41
200 51
230 22
241 11
212 40
231 22
21 232
30 223
31 222
32 221
40 213
212 41
232 22
20 234
210 44
201 53
24 231
230 25
234 21
20 235
45 210
245 10
243 12
240 15
223 32
35 220
44 211
244 12
235 21
10 246
13 243
15 241
221 35
51 205
203 53
200 56
24 233
246 11
13 244
227 30
225 32
222 35
213 44
210 47
21 237
230 28
57 201
27 231
11 247
214 44
40 218
37 221
13 245
240 18
30 228
215 43
213 45
35 223
47 211
207 51
222 36
217 41
11 248
29 230
28 231
247 12
53 206
13 246
210 49
17 242
240 19
224 35
36 223
57 202
58 201
217 42
231 29
16 244
241 19
226 34
214 46
209 51
203 57
43 218
239 22
249 12
13 248
35 226
225 36
46 215
205 56
203 58
247 15
235 27
248 14
245 17
228 34
223 39
217 45
49 213
203 59
236 27
239 24
15 248
244 19
34 229
35 228
44 219
55 208
28 236
26 238
16 248
246 18
39 225
236 29
239 26
216 49
37 229
218 49
59 209
231 30
50 211
51 210
61 200
22 240
42 220
50 212
51 211
202 60
242 21
51 212
61 202
201 62
34 230
233 31
11 253
21 243
40 224
220 44
53 211
202 62
35 230
233 32
10 255
25 240
241 24
51 214
211 54
224 42
254 12
251 15
16 250
24 242
204 62
200 66
243 23
222 44
45 221
65 201
46 220
63 203
230 37
233 34
10 257
222 45
55 212
203 64
28 240
38 230
233 35
235 33
255 13
23 245
22 246
200 68
247 21
46 222
214 55
241 28
61 208
247 22
45 224
62 207
47 222
217 52
215 54
57 212
210 59
24 246
231 39
33 237
31 239
51 219
13 257
254 16
221 49
23 247
53 217
41 229
44 226
42 228
64 206
17 254
33 238
246 25
249 22
224 47
207 64
217 54
63 208
57 214
213 58
62 209
256 16
234 38
257 15
245 27
26 246
248 24
45 227
213 59
64 208
239 34
258 15
17 256
254 19
216 57
215 58
205 68
39 235
36 238
239 35
16 258
18 256
29 245
46 228
37 238
46 229
218 57
217 58
208 67
207 68
237 39
29 247
229 47
227 49
209 67
259 18
29 249
209 69
251 20
21 250
50 221
220 51
260 12
242 30
60 212
11 262
241 32
243 30
20 253
211 62
230 44
41 233
11 263
243 31
53 221
60 214
73 201
255 20
232 43
45 230
44 231
201 74
63 212
41 234
50 225
204 71
265 10
34 241
33 242
202 73
244 31
70 205
35 241
265 11
261 15
34 242
214 62
243 33
63 213
30 246
226 50
56 220
71 205
215 61
16 261
264 13
71 206
260 17
243 34
216 61
204 73
32 245
256 21
22 255
26 251
212 65
53 224
42 236
234 44
216 62
201 77
57 221
263 15
51 227
73 205
261 17
18 260
241 37
224 54
248 30
22 256
252 26
261 18
232 47
230 49
233 46
239 40
72 207
11 268
205 74
267 12
64 215
257 22
240 39
57 222
209 70
55 224
246 33
49 231
235 45
267 13
241 39
243 37
258 22
71 209
72 208
54 226
59 221
55 225
57 223
201 79
44 237
48 233
64 217
249 32
46 235
238 43
256 25
12 269
209 72
78 203
228 53
263 18
254 27
19 262
38 243
244 37
25 257
233 49
46 236
238 44
43 239
36 246
258 24
27 255
228 54
223 59
69 213
229 53
264 19
36 247
28 255
225 58
76 207
78 205
226 58
39 245
36 248
26 258
208 76
257 27
55 229
66 218
68 216
75 209
46 239
16 269
256 29
56 229
209 76
208 77
268 18
259 27
259 28
58 229
19 269
79 209
10 270
240 40
260 20
51 230
240 41
20 261
80 201
272 10
270 12
60 222
210 72
270 13
242 41
262 21
32 251
30 253
220 63
232 52
234 50
272 12
241 43
242 42
24 260
55 230
270 15
42 243
20 265
31 254
30 255
22 264
236 50
51 235
240 46
242 44
20 266
84 202
25 261
256 30
204 82
203 83
10 277
236 51
274 13
240 47
66 221
201 86
253 34
215 72
255 32
45 242
40 247
264 23
263 24
261 26
262 25
62 225
44 244
230 58
56 232
210 78
250 38
207 81
53 235
51 237
203 85
25 263
258 30
205 83
60 228
273 15
17 271
240 48
45 243
22 266
27 261
49 240
52 237
202 87
67 222
86 203
210 79
238 51
239 50
22 267
64 225
60 229
263 26
12 277
273 16
34 255
209 80
212 77
270 19
35 254
74 215
33 256
23 266
81 208
241 48
259 30
42 247
275 15
231 59
207 83
35 255
214 76
219 71
11 279
256 34
211 79
241 49
223 67
46 244
24 266
264 26
205 85
262 28
254 36
48 243
232 59
57 234
34 257
204 87
235 56
212 79
52 239
244 47
45 246
252 39
43 248
264 27
28 263
18 274
276 16
245 47
247 45
266 26
255 37
36 256
67 225
77 215
208 84
247 46
58 235
278 15
274 19
246 47
267 26
34 259
206 87
226 67
84 209
239 55
59 235
236 58
87 207
275 19
209 85
265 29
256 38
35 259
228 66
227 67
56 239
17 278
46 249
269 26
268 27
69 226
87 208
207 88
57 239
17 279
258 38
69 227
218 78
58 239
248 49
29 268
258 39
79 218
209 88
239 59
269 29
230 60
10 280
240 50
80 210
70 221
200 91
231 61
20 272
81 211
270 23
280 13
252 41
253 40
30 263
262 31
71 222
220 73
211 82
283 11
60 234
281 13
41 253
30 264
31 263
212 82
203 91
94 200
93 201
64 231
60 235
12 283
80 215
210 85
55 240
241 54
20 275
71 224
271 24
25 270
251 44
265 30
255 40
271 25
65 231
286 10
244 52
272 24
91 205
41 255
40 256
32 264
81 215
221 75
70 226
85 211
22 275
285 12
232 65
284 13
73 224
210 87
223 74
17 280
56 241
247 50
272 25
44 253
217 80
288 10
12 286
56 242
52 246
76 222
51 247
216 82
204 94
250 48
205 93
46 252
253 45
263 35
260 38
284 15
63 236
19 280
240 59
267 32
56 243
228 71
96 203
53 246
75 224
50 249
47 252
81 218
90 209
221 78
82 217
89 210
268 31
33 266
258 41
284 16
67 233
14 286
57 243
278 22
36 264
225 75
203 97
32 268
24 276
275 25
257 43
27 273
253 47
214 86
98 202
223 77
59 242
66 235
64 237
238 63
15 286
58 243
213 88
24 277
27 274
79 222
245 57
68 234
204 98
236 66
206 96
23 279
276 26
275 27
274 28
36 266
97 205
48 254
203 99
84 218
216 86
93 209
79 223
269 33
234 69
287 16
87 216
205 98
244 59
28 275
29 274
255 48
267 36
215 88
218 85
74 229
84 219
67 237
239 65
246 58
256 48
46 258
259 45
219 85
88 216
287 18
286 19
46 259
37 268
78 227
87 218
216 89
99 206
287 19
58 248
29 277
48 258
207 99
238 69
68 239
59 248
279 28
89 218
289 19
89 219
230 70
240 60
20 280
250 50
260 40
71 230
60 241
80 221
210 91
230 72
292 10
52 250
31 271
260 42
262 40
72 231
232 71
283 20
23 280
52 251
80 223
221 82
70 234
230 74
10 294
293 11
292 12
91 213
23 281
280 24
261 43
221 83
222 82
210 94
290 15
71 234
225 80
214 91
93 212
235 70
61 244
284 21
283 22
85 220
273 32
34 271
270 35
31 275
26 280
241 65
61 245
51 255
43 263
223 83
90 216
91 215
210 96
74 233
234 73
90 217
93 214
41 266
222 85
86 221
235 72
220 87
273 34
210 97
15 292
291 16
64 243
63 244
27 280
44 263
256 51
33 274
282 26
13 295
231 77
83 225
42 266
220 88
72 236
96 212
293 15
260 48
85 223
214 94
261 47
67 241
242 66
22 286
284 24
31 277
281 27
258 50
92 216
293 16
79 230
221 88
231 78
286 23
276 33
76 233
75 234
71 238
279 30
222 87
41 268
92 217
250 59
264 45
213 96
274 35
263 46
94 215
212 97
11 298
294 15
287 22
226 83
19 290
38 271
24 286
76 234
236 74
237 73
299 11
212 98
211 99
275 35
296 14
51 259
215 95
83 227
274 36
292 18
282 28
52 258
253 57
67 243
276 34
246 64
264 46
288 22
63 247
17 294
19 292
237 74
85 226
67 244
55 256
63 248
86 225
212 99
22 289
287 24
27 284
255 56
35 276
253 58
224 87
298 14
239 73
85 227
296 16
248 64
63 249
254 58
256 56
55 257
39 273
239 74
78 235
277 36
26 287
27 286
215 98
284 29
75 238
14 299
15 298
19 294
244 69
274 39
246 67
87 226
249 64
295 19
35 279
278 36
268 46
45 269
86 228
87 227
95 219
69 246
248 67
256 59
57 258
259 56
247 69
248 68
59 257
97 219
249 68
38 279
49 268
79 239
240 70
70 241
280 31
220 91
291 21
290 22
251 61
50 262
82 231
232 81
61 252
32 281
50 263
272 41
43 270
91 222
74 240
231 83
73 241
242 72
54 260
271 43
53 261
20 294
21 293
250 64
63 251
42 272
92 222
41 273
60 254
223 91
242 73
84 231
271 44
75 240
23 292
92 223
291 24
60 255
285 30
221 94
90 225
34 281
55 260
235 81
230 86
234 82
225 91
54 262
42 274
50 266
25 291
290 26
64 252
63 253
61 255
30 286
223 93
46 270
85 232
236 81
74 243
31 286
33 284
260 57
274 43
221 96
235 83
78 240
76 242
34 284
23 295
290 28
267 51
64 254
63 255
62 256
288 30
286 32
274 44
281 37
280 38
277 41
95 223
262 56
37 282
231 88
84 235
75 244
46 273
246 73
268 51
25 294
228 91
278 41
293 26
27 292
97 222
28 291
271 48
256 63
50 269
249 71
233 87
26 294
97 223
69 251
252 68
255 65
228 92
32 288
222 98
262 58
279 41
95 225
89 232
234 87
79 242
274 47
245 76
246 75
49 272
73 248
43 278
36 285
24 297
37 284
296 25
294 27
92 229
53 268
67 254
78 244
77 245
76 246
26 296
66 256
38 284
265 57
99 223
59 264
244 79
77 246
249 74
255 68
258 65
34 289
266 57
276 47
227 96
48 275
56 267
246 78
248 76
297 27
265 59
87 238
247 78
299 26
29 296
287 38
39 286
47 278
99 226
267 59
229 97
99 227
79 248
29 298
69 258
58 269
99 228
289 39
60 260
250 71
290 31
231 91
290 32
281 41
52 270
82 241
70 253
62 261
283 40
230 94
93 231
240 84
74 250
251 73
292 32
291 33
280 44
241 84
83 242
74 251
73 252
253 72
254 71
30 295
63 262
265 60
32 294
82 244
233 93
86 240
74 252
40 286
53 273
285 41
283 43
50 276
51 275
55 271
64 263
251 76
230 97
83 244
70 257
66 261
267 60
41 286
284 43
45 282
275 52
96 232
238 90
84 244
274 54
75 253
264 64
60 268
71 257
298 30
36 292
261 67
37 291
260 68
252 77
230 99
53 276
233 96
238 91
239 90
291 38
68 261
289 40
58 271
244 85
70 259
33 296
67 262
279 50
35 294
41 288
83 247
233 97
246 84
31 299
35 295
283 47
265 65
64 266
61 269
284 46
53 277
73 258
232 99
236 95
69 262
238 93
247 84
49 282
75 256
72 259
294 37
288 43
273 58
39 292
93 239
235 97
274 58
53 279
94 238
43 289
249 83
253 79
293 39
75 257
35 297
263 69
36 296
38 294
76 257
99 234
98 235
94 239
84 249
34 299
39 294
265 68
288 45
247 87
85 249
259 75
265 69
45 289
237 98
88 247
248 87
256 79
39 296
268 67
47 288
257 79
297 39
67 269
289 47
279 57
99 238
258 79
269 68
278 59
271 60
280 51
251 81
260 72
70 262
40 292
50 282
52 280
83 250
82 251
261 72
42 291
63 270
252 82
63 271
284 50
43 292
243 92
95 240
91 244
90 245
85 250
41 294
291 44
60 275
272 63
95 241
92 244
262 74
265 71
42 294
292 44
290 46
280 56
81 256
91 246
85 252
83 254
260 77
275 62
262 75
284 53
263 74
71 266
295 42
293 44
51 286
66 272
95 243
245 93
255 83
280 58
258 80
46 292
271 67
283 55
64 274
62 276
258 81
97 242
47 292
56 283
89 250
252 87
254 85
77 262
263 76
59 280
269 70
67 272
299 40
297 43
86 254
95 245
255 85
266 74
72 268
296 44
291 49
272 68
69 271
58 282
97 244
264 77
265 76
268 73
69 272
63 278
289 52
45 297
97 245
87 255
293 49
274 68
275 67
54 288
287 55
57 285
247 96
248 95
86 257
264 79
78 265
298 45
55 288
58 285
88 256
246 98
86 258
266 78
47 297
48 296
68 276
67 277
289 55
257 88
78 267
48 297
276 69
68 277
99 247
259 87
269 77
47 299
69 277
48 299
49 298
279 68
99 249
259 89
299 49
69 279
91 250
291 50
62 280
261 82
51 292
290 53
63 280
282 61
252 92
91 253
80 264
73 271
272 72
274 70
93 252
92 253
255 90
260 85
72 273
291 54
65 280
260 86
76 270
272 74
53 293
280 66
296 51
263 84
93 254
90 257
267 80
275 72
286 61
71 276
277 70
293 54
90 258
81 267
272 76
277 71
57 291
251 98
252 97
67 282
257 92
284 65
286 63
258 91
261 88
86 263
295 54
77 272
275 74
296 53
55 294
99 251
254 96
83 267
294 56
287 63
62 288
255 96
99 252
254 97
84 267
79 272
289 62
298 53
54 297
294 57
282 69
94 258
93 259
263 89
79 273
78 274
277 75
279 73
66 286
254 99
255 98
267 86
269 84
79 274
59 294
67 286
65 288
67 287
99 256
276 79
298 57
97 259
87 269
68 288
88 269
278 79
288 69
80 271
291 60
92 261
90 263
271 82
80 273
280 73
281 72
283 70
61 292
262 92
264 90
270 84
74 281
61 294
293 62
64 291
261 95
264 92
83 273
71 285
95 262
263 94
92 265
82 275
276 81
77 280
76 281
282 75
65 292
72 286
84 274
260 98
272 86
80 278
71 287
67 291
297 61
296 62
292 66
95 264
87 272
79 280
286 73
70 289
299 60
65 294
66 293
291 68
269 91
92 269
267 94
268 93
87 274
276 85
76 285
62 299
295 66
293 68
263 99
98 264
96 266
87 275
78 284
285 77
75 287
266 97
96 267
85 278
289 74
265 99
95 269
89 275
69 295
99 266
267 98
268 97
269 96
279 86
288 77
298 67
99 267
288 78
67 299
99 269
80 280
290 71
92 270
91 271
81 281
93 270
281 82
283 80
71 292
70 294
95 270
70 295
91 275
276 90
272 95
273 94
86 281
282 85
77 290
291 76
296 71
70 297
274 94
284 84
288 80
77 291
73 295
71 297
298 70
275 94
270 99
98 271
96 273
93 276
283 86
85 284
83 286
288 81
92 278
88 282
289 81
294 76
75 295
296 74
98 273
86 285
85 286
83 288
293 78
297 74
274 98
97 275
94 278
85 287
94 279
276 98
279 95
87 287
76 298
89 286
299 76
99 277
297 79
279 98
288 89
99 279
289 89
290 80
92 280
91 281
80 292
94 280
84 290
292 82
81 293
95 280
94 281
291 84
80 295
282 94
283 93
285 91
286 90
294 82
80 296
91 286
287 90
296 81
96 282
95 283
287 91
86 292
80 298
95 284
94 285
290 89
88 291
295 84
82 297
299 80
94 286
92 288
89 291
294 86
81 299
93 288
294 87
296 85
298 83
285 97
284 99
285 98
288 95
87 296
86 297
85 298
98 286
88 296
87 297
298 86
97 288
289 98
89 298
291 90
296 90
95 292
294 93
92 295
294 94
99 290
291 98
94 295
297 93
298 92
299 92
293 99
295 97
94 298
95 298
299 97
14 300
24 300
25 300
300 26
300 28
44 300
55 300
300 60
61 300
300 63
65 300
11 10
13 11
14 13
15 14
19 12
16 15
14 19
17 16
71 300
300 75
20 10
22 10
10 23
10 24
23 11
22 12
22 13
12 24
23 13
22 14
26 11
24 13
24 14
10 29
26 14
18 22
22 19
23 19
26 18
29 16
26 19
29 17
28 18
29 18
300 85
20 26
25 21
36 11
15 32
22 25
32 16
18 30
21 27
31 18
29 20
21 28
13 37
14 36
15 35
33 17
18 33
25 26
37 15
36 16
18 34
19 33
24 28
17 36
39 15
90 300
39 16
39 17
27 29
93 300
98 300
99 300
31 21
31 22
43 11
34 20
32 22
21 34
25 30
11 45
44 12
43 13
33 23
46 11
27 30
43 15
41 17
13 46
14 45
27 32
42 18
22 38
24 36
25 35
27 33
42 19
22 39
23 38
36 25
35 26
32 29
16 46
49 14
17 47
49 15
48 16
18 46
45 19
26 38
28 36
29 36
29 38
51 10
32 30
53 10
30 33
52 12
50 14
44 20
33 31
51 14
20 45
41 24
31 34
32 33
15 51
24 42
12 55
54 13
14 53
42 25
35 32
10 58
57 11
47 21
27 41
35 33
57 12
59 10
11 58
26 43
14 55
48 21
54 15
41 28
18 51
19 50
15 55
17 53
24 46
26 44
27 43
15 56
18 53
46 25
44 27
32 39
55 17
49 23
26 46
29 43
37 35
14 59
56 17
55 18
46 27
16 58
36 38
59 16
46 29
29 47
37 39
49 29
52 20
31 41
62 11
32 41
40 34
64 11
55 20
34 41
54 22
26 50
30 46
40 36
62 15
16 61
21 56
26 51
46 31
68 10
17 61
52 26
43 35
36 42
37 41
21 58
24 55
29 50
48 31
33 46
68 12
61 19
21 59
58 22
53 27
49 31
34 46
43 38
64 18
59 23
45 37
68 15
27 56
66 18
47 37
39 45
68 17
67 18
19 66
47 38
68 18
67 19
59 29
61 20
30 51
31 50
20 62
52 30
42 40
70 13
30 53
71 13
20 64
30 54
25 60
30 55
34 51
71 15
65 21
60 26
56 30
51 35
11 76
72 15
66 21
65 22
32 55
53 34
50 37
40 47
74 14
75 13
17 71
22 66
65 23
62 26
60 28
35 53
51 37
41 47
23 66
27 62
58 31
56 33
36 53
50 39
45 44
11 79
77 13
76 14
17 73
21 69
27 63
28 62
31 59
42 48
12 79
13 78
77 14
17 74
72 19
23 68
25 66
64 27
35 56
52 39
79 13
66 27
29 64
18 76
26 68
27 67
59 35
48 46
78 17
77 18
18 78
68 28
67 29
79 18
58 39
20 71
80 12
22 70
30 62
61 31
32 60
71 22
62 31
43 50
13 81
74 20
72 22
31 63
41 53
10 85
30 65
64 31
33 62
43 52
51 44
14 82
80 16
71 25
42 54
75 22
16 81
67 30
33 64
35 62
61 36
41 56
42 55
45 52
25 73
86 12
85 13
81 17
21 77
55 43
24 74
27 71
68 30
65 33
82 17
12 87
64 35
62 37
58 41
44 55
20 79
74 25
73 26
29 70
69 30
68 31
33 66
22 78
11 89
23 77
67 33
64 36
38 62
44 56
61 39
48 52
41 59
42 58
24 77
76 25
26 75
74 27
69 32
33 68
42 59
49 52
24 78
75 27
63 39
55 47
49 53
87 16
86 17
19 84
69 34
59 44
87 17
18 86
36 68
49 55
89 16
88 17
68 37
89 17
37 69
49 57
69 38
49 58
79 29
59 49
10 90
70 30
90 11
92 10
90 12
30 72
42 60
82 21
71 32
63 40
84 20
82 22
31 73
71 33
34 70
41 63
43 61
10 95
81 24
80 25
71 34
62 43
45 60
13 93
16 90
25 81
34 72
43 63
45 61
13 94
86 21
80 27
35 72
67 40
54 53
10 98
97 11
14 94
17 91
88 20
84 24
33 75
70 38
68 40
16 93
92 17
20 89
22 87
25 84
77 32
66 43
48 61
53 56
57 52
11 99
98 12
13 97
16 94
89 21
26 84
83 27
29 81
64 46
49 61
72 38
97 14
78 33
42 69
68 43
59 52
58 53
89 23
17 95
18 94
28 84
83 29
74 38
39 73
69 43
54 58
44 68
16 97
88 25
86 27
28 85
36 77
55 58
99 15
96 18
77 37
97 18
57 58
29 87
48 68
58 59
99 19
80 30
91 20
80 31
60 51
91 21
81 31
80 32
61 51
92 21
90 23
83 30
63 50
21 93
41 73
64 50
63 51
64 51
20 95
92 23
30 85
80 35
42 73
44 71
53 62
55 60
20 96
25 91
81 35
64 52
87 30
31 86
82 35
44 73
72 45
47 70
55 62
22 96
30 88
32 86
82 36
40 78
47 71
87 32
92 27
57 62
91 28
35 84
37 82
76 43
70 49
52 67
63 56
27 93
95 25
26 94
45 75
31 89
34 86
36 84
81 39
42 78
67 53
43 77
24 97
96 25
95 26
36 85
74 47
48 73
93 29
89 33
85 37
74 48
56 66
97 26
96 27
95 28
94 29
36 87
44 79
45 78
28 96
68 56
27 99
89 37
87 39
58 68
79 48
78 49
70 50
91 30
41 80
60 61
31 91
41 81
93 30
31 92
90 33
53 70
44 80
91 34
40 85
51 74
54 71
30 96
33 93
41 85
82 44
80 46
32 95
76 51
75 52
73 54
67 60
98 30
31 97
37 91
88 40
84 44
52 76
60 68
62 66
37 92
96 33
93 36
63 66
82 47
52 77
74 55
60 69
73 56
72 57
71 58
46 84
52 78
53 77
54 76
68 62
42 89
49 82
56 75
73 58
65 66
99 33
98 34
75 57
99 34
54 79
56 77
58 75
97 37
96 38
98 37
38 97
48 87
56 79
59 77
38 99
48 89
58 79
60 71
72 60
92 41
91 42
80 53
41 94
44 91
84 51
65 70
44 92
91 45
85 51
52 84
53 83
76 60
41 96
93 44
91 46
90 47
50 87
74 63
45 93
47 91
48 90
56 82
80 58
56 83
77 62
69 70
42 98
97 43
44 96
45 95
82 58
66 74
99 42
47 94
93 48
62 79
64 77
72 69
95 47
93 49
88 54
79 63
65 77
94 49
89 54
84 59
75 68
69 74
55 89
88 56
59 85
76 68
87 58
79 66
49 97
87 59
48 99
99 49
79 69
50 90
90 51
92 51
90 53
82 61
90 54
64 80
52 93
62 83
80 65
95 51
55 91
63 83
80 66
74 72
94 53
54 93
57 90
62 85
84 63
53 95
54 94
93 55
92 56
91 57
80 68
96 53
58 91
89 60
72 77
74 75
52 98
96 54
59 91
66 84
83 67
95 56
53 98
93 58
59 92
88 63
87 64
86 65
69 82
73 78
98 54
73 79
94 59
87 66
69 84
99 55
86 68
56 99
57 98
67 88
99 57
68 88
79 77
70 80
70 81
80 71
72 80
93 60
92 61
91 62
73 81
82 73
96 60
65 91
85 71
74 82
80 76
64 93
90 67
71 86
73 84
62 96
95 63
93 65
67 91
84 74
83 75
82 76
95 64
66 93
90 69
71 88
87 72
83 76
78 81
97 63
73 87
73 88
68 94
89 73
83 79
97 66
89 75
88 77
87 78
89 77
69 98
79 89
81 80
71 91
80 83
80 84
84 81
73 93
91 76
72 96
93 75
76 92
74 95
93 76
92 77
80 89
86 84
98 73
79 92
83 88
85 89
78 99
93 80
92 81
84 90
80 96
82 94
83 93
86 90
92 85
86 91
80 98
94 84
83 96
81 99
85 95
92 88
83 98
84 97
96 85
94 87
88 93
94 88
89 93
86 97
99 86
89 98
93 90
90 98
92 96
90 99
98 92
97 93
94 99
96 98
105 100
102 103
104 100
104 103
100 106
105 101
108 101
104 105
109 102
101 109
107 103
106 107
109 103
107 105
108 107
100 112
101 110
101 112
113 105
114 104
118 100
104 113
101 116
108 112
116 104
102 118
116 103
119 100
105 119
117 109
107 119
116 109
119 108
110 111
100 121
113 110
101 121
110 115
113 112
123 102
113 111
104 120
110 116
120 106
121 105
101 125
119 110
112 117
103 126
129 100
116 112
100 128
112 119
108 123
102 129
118 112
117 113
106 124
104 126
102 128
113 119
129 103
108 127
125 109
107 127
119 117
109 127
110 122
100 132
121 110
102 132
102 131
124 112
132 104
122 113
132 103
101 134
100 135
113 125
125 112
116 121
130 107
102 135
101 136
127 113
103 137
111 128
121 118
102 137
101 138
126 116
123 119
134 108
113 128
127 114
123 118
122 119
137 104
107 137
134 109
108 135
116 129
118 127
109 139
139 108
133 110
132 111
131 112
121 122
130 112
122 120
141 101
135 110
111 134
112 133
123 122
145 100
131 113
141 103
133 114
132 115
125 122
123 124
146 101
115 131
105 141
144 102
139 110
132 117
122 127
123 126
107 142
102 147
110 138
111 137
114 134
107 141
144 104
117 134
142 109
143 108
106 145
148 105
138 114
116 136
146 106
148 104
103 149
116 139
148 107
125 129
105 149
108 149
149 109
110 140
140 112
100 151
114 140
133 121
143 110
120 133
153 100
141 115
156 100
143 112
141 114
134 121
152 103
101 154
111 147
112 146
117 141
122 136
131 127
107 151
153 105
154 104
114 143
135 122
132 125
101 156
149 111
114 146
108 152
158 102
101 159
135 125
145 115
153 107
121 139
122 138
137 123
147 112
141 118
139 120
126 133
129 130
106 153
134 128
108 154
104 158
148 113
139 122
136 125
128 133
156 105
159 102
117 147
139 125
157 107
134 129
108 155
106 157
105 158
119 147
108 158
147 118
146 119
127 138
137 128
119 148
161 100
143 120
133 130
120 142
102 160
111 154
120 145
121 144
143 122
123 142
141 124
162 103
163 102
114 150
131 133
104 160
101 163
164 100
116 151
121 146
104 163
166 101
112 154
151 115
131 135
106 160
105 161
103 163
101 165
110 159
112 157
116 153
141 128
162 107
124 144
125 143
142 126
141 127
136 132
107 161
146 125
108 163
105 166
107 163
116 154
167 103
152 118
119 151
121 149
142 128
131 139
106 164
165 105
119 154
127 146
167 106
156 116
118 154
119 153
123 149
128 144
103 169
126 149
148 127
149 125
138 139
108 169
109 167
160 110
162 110
161 110
111 163
114 160
130 144
133 141
171 103
101 173
113 160
130 143
142 131
155 121
133 143
170 106
103 173
163 112
124 151
170 105
103 172
174 101
110 168
151 127
130 148
137 141
111 166
116 161
156 121
107 170
102 175
111 169
167 113
162 118
132 148
133 147
139 141
109 171
174 106
118 161
147 132
175 104
179 100
114 168
125 157
134 148
135 147
105 177
168 113
117 164
127 154
134 147
115 169
159 125
157 127
148 136
137 147
139 145
106 178
105 179
168 115
159 124
156 127
146 137
109 174
176 107
117 169
119 167
178 108
147 138
176 109
179 109
118 169
119 168
129 158
141 140
181 100
170 110
163 120
161 122
123 160
183 100
110 172
120 162
111 174
173 112
155 130
114 170
123 161
124 160
134 150
184 100
175 112
122 165
126 161
155 132
170 116
110 176
126 160
154 132
140 146
145 141
142 144
105 181
182 104
113 176
179 110
100 189
168 121
136 153
138 151
148 141
144 145
180 109
108 181
173 115
116 172
117 171
118 170
164 124
126 162
157 131
138 150
100 188
105 183
122 169
172 119
123 168
128 163
129 162
133 158
134 157
147 144
103 188
176 114
111 179
101 189
171 119
133 157
154 136
151 139
141 149
148 142
105 185
109 181
159 134
115 178
117 176
157 136
155 138
139 154
109 184
108 185
186 107
176 116
167 125
165 127
147 145
107 185
186 106
117 178
157 138
139 156
149 146
148 147
117 177
119 175
168 126
127 167
129 165
155 139
187 107
189 105
158 139
167 129
137 159
158 138
147 149
129 169
159 139
189 109
120 170
140 150
172 120
151 141
120 171
160 134
150 144
110 183
173 120
171 122
152 141
103 190
183 113
115 181
175 121
160 136
141 155
112 183
175 120
163 132
152 143
194 101
110 185
135 160
140 155
114 181
174 121
172 123
134 161
102 193
124 171
110 188
112 186
198 100
114 184
118 180
122 176
130 168
166 132
145 153
164 134
137 161
140 158
117 180
134 163
156 141
143 154
190 107
195 102
101 196
168 132
115 185
141 159
112 188
143 157
117 183
181 119
179 121
124 176
166 134
154 146
135 165
116 183
121 178
182 117
197 102
140 159
110 189
150 149
114 185
167 132
174 125
122 177
151 148
142 157
196 103
153 146
137 165
138 164
144 158
149 153
197 105
189 112
178 123
176 125
167 134
162 139
142 159
143 158
153 148
125 179
159 145
156 148
109 195
196 108
184 119
187 116
185 118
175 128
169 134
138 165
154 149
109 194
196 107
128 178
139 167
117 188
119 186
127 178
137 168
166 139
157 148
109 196
108 197
139 169
199 109
189 118
138 169
198 109
111 190
160 141
160 140
191 112
142 161
151 152
110 192
111 191
181 121
150 152
193 112
122 183
124 181
131 174
143 162
191 113
190 114
182 122
133 171
141 163
154 150
190 117
113 194
115 192
131 176
175 132
135 172
136 171
155 152
167 140
147 160
196 110
191 115
190 116
130 176
140 166
161 145
187 122
189 120
112 197
141 168
164 145
151 158
123 186
165 144
124 185
126 183
130 179
174 135
173 136
142 167
185 123
182 126
177 131
142 166
146 162
151 157
152 156
199 112
117 194
124 187
156 155
132 179
172 139
144 167
145 166
152 159
157 154
112 198
115 195
116 194
117 193
159 151
126 184
137 173
128 182
181 129
174 136
179 131
133 177
186 127
134 179
139 174
165 148
156 157
199 113
114 198
123 189
133 179
175 137
173 139
168 144
166 146
157 155
117 198
119 196
136 179
147 168
189 125
136 178
138 176
146 168
188 129
179 138
177 139
167 149
199 119
150 160
151 161
184 130
133 181
173 141
144 170
164 150
163 151
122 191
123 190
180 133
143 170
161 152
125 191
136 180
144 172
155 161
185 130
184 131
143 172
171 144
165 150
120 198
196 122
193 125
184 134
183 135
175 143
173 145
168 150
163 155
176 141
143 174
170 147
153 164
154 163
125 195
186 134
151 169
120 199
132 187
136 183
182 137
172 147
166 153
160 159
124 198
187 135
185 137
138 184
149 173
167 155
158 164
136 185
126 195
124 197
174 147
162 159
125 196
135 186
137 184
157 164
158 163
182 139
178 143
176 145
166 155
125 199
129 195
177 147
156 168
165 159
197 126
195 128
185 138
178 145
176 147
156 167
164 159
178 148
187 138
179 146
158 167
151 170
160 161
150 170
131 192
191 132
162 161
192 130
191 131
170 152
192 133
175 150
130 194
182 142
171 153
163 161
191 136
183 144
182 145
160 167
162 165
140 186
184 142
182 144
151 175
152 174
171 155
170 156
132 197
130 199
194 135
136 193
140 189
169 160
162 167
141 188
142 187
150 179
170 159
177 152
158 171
132 196
134 194
193 135
145 183
167 161
133 198
142 189
154 177
157 174
137 193
147 183
148 182
149 181
177 153
161 169
167 163
164 166
155 178
177 156
164 169
133 199
198 134
195 137
178 154
164 168
138 197
196 139
149 186
139 195
189 145
155 179
157 177
159 175
169 165
199 138
159 178
147 189
159 177
169 167
189 149
142 190
182 150
172 160
181 150
193 141
143 191
161 173
162 172
192 141
160 173
161 172
170 163
193 143
197 141
192 146
148 190
161 177
175 163
171 167
197 140
142 195
191 146
150 187
151 186
184 153
177 160
172 165
198 142
199 141
144 196
194 146
191 149
188 152
185 155
181 159
172 168
191 148
189 150
152 187
184 155
182 157
179 160
163 176
170 169
197 145
183 159
166 176
175 167
152 189
154 187
176 165
166 175
188 156
165 179
169 175
194 149
164 179
168 175
187 159
177 169
147 198
196 149
176 169
149 199
148 199
188 159
169 178
171 170
150 193
151 192
181 162
150 192
150 195
152 193
153 192
184 161
174 171
173 172
153 191
183 161
151 196
153 194
157 190
162 185
182 165
181 166
167 180
170 177
150 196
195 151
156 190
183 163
180 166
157 192
162 187
163 186
165 184
170 179
152 196
154 194
166 182
181 167
180 168
170 178
173 175
152 199
196 155
167 184
183 168
199 151
196 154
161 189
187 163
164 186
178 172
198 155
169 184
178 175
176 177
194 158
168 184
175 177
156 199
197 158
159 196
189 166
186 169
156 198
186 168
185 169
179 175
157 199
187 169
199 159
170 180
191 161
190 162
170 181
162 192
182 172
162 191
181 172
193 163
164 191
172 183
181 174
198 160
174 184
176 182
177 181
165 192
187 170
180 177
162 198
196 164
195 165
192 168
172 188
174 186
176 184
162 197
196 163
164 195
180 179
196 166
176 186
162 199
163 198
164 197
196 165
187 174
185 176
177 184
187 177
179 185
198 168
179 187
199 166
167 198
168 199
181 180
193 170
171 192
194 171
173 194
187 180
184 183
184 182
173 196
174 195
178 191
190 179
183 186
198 170
196 175
192 179
184 187
196 174
176 194
183 187
197 175
177 198
178 197
187 188
199 178
199 177
187 189
190 182
191 183
184 190
192 181
184 192
187 193
199 180
184 195
185 194
184 197
198 186
184 199
196 187
199 187
188 199
194 191
193 191
191 195
191 198
197 192
199 192
198 193
199 195
198 196
1 101
104 1
100 5
101 7
7 102
103 7
107 4
5 106
3 109
108 4
107 5
109 4
6 107
106 7
9 104
9 107
109 8
108 9
110 3
2 112
3 112
114 1
110 6
1 115
7 110
111 6
3 114
115 2
7 111
1 117
114 5
115 4
112 8
3 117
9 112
7 114
116 5
4 117
5 117
9 114
118 9
121 2
122 1
120 4
4 123
3 124
123 5
128 1
121 9
9 122
8 123
128 3
7 124
129 3
126 6
127 7
129 6
2 130
2 131
3 130
135 1
130 6
134 3
1 137
1 138
130 9
133 7
132 8
2 139
134 7
8 133
9 133
136 7
138 6
7 138
140 2
1 142
140 3
4 141
144 2
5 142
145 3
7 141
5 145
8 142
144 7
142 9
149 3
144 8
143 9
6 148
147 7
9 146
149 7
9 149
2 150
150 4
4 152
153 4
7 150
1 157
156 3
2 158
8 152
154 7
4 158
157 5
154 8
157 6
158 8
158 9
160 4
163 2
4 161
6 160
162 5
160 7
165 3
161 7
8 160
164 5
9 160
167 3
4 166
4 167
164 7
4 169
168 5
7 169
1 171
172 1
172 2
3 171
4 172
1 176
6 171
7 170
176 2
5 173
6 172
8 170
178 2
177 3
5 175
174 6
176 5
175 6
173 8
9 172
178 4
6 176
174 8
177 6
8 175
174 9
5 179
6 178
175 9
8 179
3 180
184 1
185 2
1 187
183 5
1 188
186 3
184 5
183 8
185 7
6 187
188 6
8 186
8 189
189 9
3 190
6 190
1 196
192 6
8 190
2 197
195 4
194 5
193 6
3 197
5 195
8 192
191 9
8 193
3 199
197 5
193 9
9 194
5 199
7 197
198 8
199 9
101 201
100 202
102 202
201 105
203 102
108 200
208 100
200 107
203 104
206 101
207 100
101 209
209 100
109 203
206 106
103 209
108 203
206 105
103 208
106 208
109 206
108 207
106 209
210 100
202 111
201 112
110 202
111 201
102 210
115 200
204 110
200 114
212 102
115 202
200 117
106 211
105 212
213 104
216 101
100 217
201 115
106 210
100 216
203 116
213 106
105 214
111 207
206 112
114 204
201 117
216 102
101 217
204 117
202 119
105 216
104 217
111 209
203 117
202 118
211 109
105 215
206 117
214 109
217 106
219 104
114 208
207 115
216 106
103 219
116 208
109 215
217 107
120 200
112 210
122 200
222 100
221 101
221 100
114 210
122 202
211 112
202 121
123 200
101 222
211 115
211 114
125 200
222 103
110 218
206 122
221 107
102 226
212 115
116 211
121 206
122 205
106 221
105 222
218 112
217 113
114 216
202 128
228 102
103 227
216 113
110 219
213 116
103 226
212 117
210 119
108 221
209 120
208 121
207 122
109 220
201 128
114 218
209 123
116 215
208 123
204 127
226 105
209 125
229 105
228 106
117 216
214 119
124 209
125 208
228 105
218 118
119 217
109 227
229 107
109 226
209 129
