VERTICES = 50
EDGES = 1225
1 2
1 3
1 4
3 2
5 1
4 2
6 1
2 5
4 3
7 1
2 6
5 3
1 8
7 2
6 3
4 5
9 1
8 2
3 7
4 6
2 9
8 3
7 4
6 5
9 3
4 8
5 7
4 9
5 8
7 6
9 5
6 8
9 6
8 7
7 9
8 9
11 10
10 12
10 13
11 12
10 14
11 13
10 15
14 11
12 13
16 10
15 11
14 12
17 10
16 11
15 12
14 13
18 10
11 17
16 12
15 13
19 10
18 11
12 17
16 13
14 15
19 11
12 18
13 17
16 14
19 12
13 18
17 14
15 16
19 13
18 14
15 17
14 19
18 15
16 17
15 19
16 18
19 16
17 18
17 19
18 19
10 20
10 21
11 20
10 22
11 21
20 12
10 23
11 22
12 21
13 20
24 10
11 23
22 12
13 21
14 20
10 25
11 24
23 12
22 13
21 14
20 15
10 26
11 25
24 12
23 13
14 22
15 21
16 20
27 10
11 26
25 12
24 13
14 23
15 22
21 16
20 17
11 27
24 14
28 10
26 12
13 25
15 23
22 16
17 21
20 18
16 23
29 10
28 11
27 12
20 19
26 13
25 14
15 24
22 17
18 21
12 28
29 11
27 13
26 14
25 15
24 16
23 17
18 22
19 21
29 12
15 26
28 13
27 14
16 25
24 17
18 23
19 22
13 29
14 28
27 15
16 26
17 25
18 24
19 23
29 14
28 15
16 27
26 17
18 25
24 19
15 29
16 28
27 17
18 26
25 19
29 16
17 28
18 27
19 26
29 17
28 18
19 27
29 18
19 28
19 29
10 30
31 10
11 30
21 20
10 32
31 11
30 12
20 22
10 33
11 32
31 12
13 30
23 20
22 21
10 34
33 11
32 12
13 31
14 30
20 24
23 21
33 12
35 10
34 11
32 13
14 31
30 15
25 20
24 21
22 23
11 35
36 10
12 34
13 33
32 14
15 31
24 22
16 30
26 20
25 21
15 32
35 12
10 37
11 36
13 34
33 14
26 21
23 24
16 31
17 30
20 27
22 25
33 15
36 12
38 10
37 11
21 27
35 13
22 26
23 25
34 14
32 16
17 31
28 20
30 18
10 39
11 38
37 12
13 36
35 14
20 29
25 24
34 15
16 33
17 32
30 19
22 27
26 23
28 21
18 31
13 37
39 11
12 38
14 36
15 35
34 16
26 24
33 17
18 32
29 21
22 28
31 19
23 27
12 39
38 13
37 14
36 15
35 16
34 17
24 27
33 18
19 32
28 23
25 26
22 29
16 36
39 13
14 38
15 37
35 17
34 18
27 25
33 19
29 23
24 28
39 14
38 15
16 37
36 17
18 35
34 19
29 24
28 25
26 27
15 39
16 38
17 37
18 36
35 19
29 25
28 26
16 39
17 38
37 18
36 19
29 26
28 27
17 39
18 38
19 37
27 29
39 18
38 19
29 28
39 19
10 40
20 30
41 10
40 11
31 20
21 30
10 42
41 11
40 12
32 20
21 31
30 22
10 43
11 42
12 41
13 40
33 20
21 32
22 31
30 23
23 31
44 10
11 43
42 12
13 41
14 40
34 20
33 21
24 30
22 32
22 33
44 11
10 45
24 31
43 12
42 13
41 14
40 15
35 20
23 32
21 34
25 30
45 11
44 12
10 46
13 43
34 22
23 33
24 32
14 42
41 15
40 16
26 30
20 36
35 21
25 31
20 37
44 13
45 12
21 36
11 46
47 10
26 31
35 22
23 34
43 14
32 25
42 15
41 16
17 40
24 33
30 27
46 12
44 14
38 20
45 13
27 31
11 47
10 48
15 43
42 16
30 28
23 35
25 33
26 32
17 41
24 34
40 18
21 37
36 22
18 41
44 15
45 14
31 28
46 13
34 25
12 47
20 39
48 11
49 10
23 36
27 32
43 16
26 33
30 29
24 35
40 19
22 37
17 42
38 21
16 44
45 15
39 21
14 46
47 13
12 48
25 35
27 33
49 11
37 23
32 28
38 22
26 34
17 43
18 42
29 31
36 24
41 19
45 16
44 17
15 46
26 35
47 14
36 25
33 28
13 48
34 27
12 49
18 43
38 23
19 42
39 22
24 37
29 32
45 17
44 18
25 37
33 29
46 16
35 27
47 15
48 14
13 49
43 19
26 36
23 39
24 38
34 28
46 17
44 19
45 18
36 27
29 34
47 16
28 35
15 48
14 49
39 24
25 38
37 26
16 48
47 17
45 19
18 46
49 15
25 39
38 26
35 29
37 27
28 36
19 46
47 18
17 48
49 16
39 26
38 27
28 37
36 29
47 19
48 18
17 49
27 39
38 28
29 37
19 48
18 49
39 28
38 29
49 19
39 29
50 10
40 20
11 50
41 20
40 21
30 31
12 50
20 42
41 21
22 40
32 30
13 50
43 20
42 21
41 22
40 23
30 33
31 32
20 44
14 50
21 43
22 42
41 23
24 40
34 30
33 31
50 15
44 21
33 32
20 45
22 43
42 23
24 41
25 40
30 35
31 34
21 45
22 44
35 31
46 20
16 50
23 43
24 42
25 41
40 26
32 34
30 36
44 23
22 45
21 46
32 35
47 20
50 17
43 24
31 36
25 42
41 26
27 40
37 30
34 33
44 24
45 23
22 46
30 38
28 40
31 37
21 47
33 35
20 48
36 32
50 18
43 25
42 26
41 27
25 44
24 45
46 23
34 35
47 22
48 21
49 20
50 19
29 40
28 41
31 38
43 26
30 39
32 37
42 27
33 36
44 26
25 45
37 33
24 46
47 23
38 32
48 22
21 49
31 39
43 27
28 42
41 29
36 34
29 42
44 27
26 45
36 35
25 46
47 24
23 48
49 22
34 37
28 43
38 33
32 39
29 43
28 44
45 27
26 46
37 35
25 47
48 24
49 23
39 33
34 38
29 44
28 45
46 27
26 47
25 48
49 24
34 39
38 35
36 37
45 29
46 28
27 47
26 48
49 25
35 39
38 36
46 29
28 47
48 27
49 26
36 39
38 37
47 29
48 28
27 49
37 39
29 48
28 49
38 39
49 29
50 20
30 40
21 50
30 41
31 40
50 22
42 30
31 41
40 32
23 50
30 43
42 31
32 41
33 40
30 44
50 24
43 31
42 32
41 33
34 40
31 44
45 30
25 50
32 43
33 42
34 41
35 40
32 44
45 31
30 46
26 50
33 43
34 42
35 41
40 36
50 27
44 33
32 45
46 31
47 30
43 34
35 42
41 36
40 37
45 33
44 34
32 46
40 38
47 31
30 48
28 50
35 43
42 36
41 37
31 48
44 35
45 34
40 39
46 33
32 47
49 30
38 41
29 50
36 43
37 42
45 35
44 36
34 46
47 33
48 32
49 31
43 37
38 42
39 41
37 44
36 45
35 46
47 34
48 33
49 32
43 38
42 39
38 44
37 45
46 36
35 47
34 48
49 33
43 39
44 39
45 38
37 46
47 36
48 35
49 34
39 45
38 46
47 37
36 48
35 49
39 46
47 38
37 48
36 49
47 39
48 38
37 49
39 48
49 38
49 39
30 50
50 31
40 41
50 32
42 40
33 50
40 43
42 41
44 40
50 34
43 41
41 44
40 45
50 35
42 43
42 44
41 45
46 40
50 36
44 43
42 45
46 41
40 47
50 37
45 43
42 46
47 41
40 48
38 50
45 44
46 43
42 47
41 48
40 49
50 39
46 44
43 47
48 42
41 49
47 44
46 45
43 48
49 42
44 48
45 47
43 49
49 44
48 45
47 46
45 49
48 46
49 46
48 47
47 49
49 48
40 50
50 41
50 42
50 43
50 44
50 45
50 46
47 50
48 50
49 50
10 1
2 10
1 11
3 10
11 2
12 1
4 10
3 11
2 12
13 1
5 10
4 11
12 3
2 13
1 14
6 10
5 11
12 4
3 13
2 14
15 1
7 10
6 11
12 5
13 4
3 14
15 2
1 16
8 10
11 7
6 12
5 13
4 14
15 3
16 2
1 17
11 8
9 10
12 7
13 6
5 14
4 15
3 16
2 17
18 1
12 8
9 11
7 13
6 14
5 15
4 16
17 3
18 2
1 19
9 12
13 8
7 14
15 6
16 5
4 17
18 3
2 19
13 9
14 8
7 15
6 16
17 5
18 4
3 19
14 9
15 8
16 7
17 6
5 18
19 4
9 15
16 8
17 7
6 18
5 19
9 16
17 8
7 18
6 19
17 9
18 8
19 7
9 18
8 19
9 19
1 20
21 1
20 2
1 22
21 2
3 20
23 1
22 2
3 21
4 20
1 24
2 23
22 3
21 4
20 5
1 25
24 2
23 3
4 22
21 5
6 20
1 26
25 2
3 24
23 4
5 22
21 6
7 20
1 27
2 26
25 3
4 24
23 5
22 6
7 21
8 20
28 1
27 2
3 26
4 25
5 24
23 6
22 7
21 8
20 9
27 3
1 29
28 2
4 26
25 5
6 24
7 23
8 22
21 9
2 29
3 28
27 4
5 26
6 25
24 7
8 23
9 22
29 3
4 28
5 27
6 26
25 7
24 8
23 9
4 29
28 5
6 27
7 26
25 8
24 9
29 5
28 6
27 7
8 26
9 25
6 29
7 28
27 8
26 9
29 7
8 28
9 27
8 29
28 9
29 9
1 30
31 1
30 2
1 32
31 2
30 3
33 1
2 32
3 31
30 4
34 1
33 2
32 3
31 4
5 30
35 1
34 2
3 33
4 32
31 5
6 30
1 36
35 2
34 3
4 33
5 32
6 31
30 7
1 37
2 36
35 3
4 34
5 33
32 6
31 7
30 8
2 37
1 38
36 3
35 4
5 34
6 33
32 7
8 31
30 9
4 36
39 1
38 2
37 3
5 35
34 6
33 7
32 8
9 31
2 39
3 38
4 37
5 36
35 6
7 34
33 8
9 32
39 3
38 4
5 37
6 36
7 35
8 34
9 33
4 39
38 5
6 37
7 36
35 8
9 34
5 39
6 38
7 37
8 36
9 35
39 6
38 7
8 37
9 36
7 39
38 8
9 37
39 8
9 38
39 9
40 1
1 41
40 2
42 1
2 41
3 40
43 1
42 2
3 41
40 4
1 44
2 43
3 42
4 41
5 40
2 44
1 45
43 3
42 4
41 5
6 40
3 44
45 2
46 1
4 43
42 5
6 41
40 7
4 44
3 45
2 46
1 47
43 5
6 42
7 41
8 40
3 46
5 44
4 45
2 47
1 48
43 6
7 42
41 8
9 40
5 45
44 6
46 4
47 3
2 48
49 1
43 7
42 8
41 9
7 44
45 6
5 46
4 47
48 3
49 2
8 43
9 42
8 44
7 45
46 6
47 5
48 4
3 49
43 9
44 9
45 8
46 7
6 47
48 5
49 4
45 9
46 8
47 7
6 48
49 5
46 9
47 8
48 7
49 6
9 47
8 48
49 7
48 9
8 49
9 49
1 50
50 2
50 3
50 4
50 5
6 50
7 50
8 50
50 9
