VERTICES = 100
EDGES = 631
100 16
11 12
11 13
12 13
11 18
30 100
19 17
10 22
22 11
10 26
15 21
21 16
3 2
24 14
21 17
2 4
29 10
19 21
15 26
23 18
6 3
7 3
4 7
8 4
4 9
6 7
29 18
7 9
47 100
30 10
32 10
12 31
10 34
23 21
22 23
10 37
14 35
16 33
18 31
36 15
18 33
29 23
28 24
17 37
36 19
51 100
20 32
31 21
31 22
10 44
24 30
31 24
31 25
43 14
42 15
21 36
24 33
15 43
17 41
21 37
40 19
37 22
33 26
46 14
18 42
32 28
12 49
37 25
15 48
28 35
48 16
37 27
48 17
29 36
28 38
37 29
100 61
18 49
100 67
20 40
51 10
51 12
31 34
51 15
46 20
50 17
23 44
43 24
14 55
49 20
48 21
47 22
11 59
16 54
52 18
49 21
46 24
43 28
47 26
46 27
48 26
57 18
37 38
58 18
37 39
59 19
21 50
22 50
32 40
11 62
41 32
21 53
56 20
14 63
26 51
65 13
16 62
58 20
22 56
28 50
48 30
13 66
17 62
43 36
68 12
55 25
35 45
36 44
65 16
55 26
13 69
58 24
36 46
68 16
38 47
69 17
28 58
68 19
29 58
83 100
100 88
89 100
60 21
11 71
70 12
62 20
51 32
33 50
14 70
43 41
20 65
12 74
71 15
20 66
22 64
25 61
53 33
76 11
75 12
26 61
31 56
50 37
72 16
21 67
55 33
53 35
15 74
52 37
34 56
79 12
77 14
74 17
59 32
37 54
39 52
77 15
24 68
26 66
54 38
39 53
25 68
29 64
49 44
47 46
16 78
79 16
77 18
39 56
46 49
28 68
67 29
37 59
58 38
28 69
30 60
20 71
30 61
41 50
14 80
13 82
65 30
33 63
53 43
24 73
61 36
44 53
87 11
85 13
66 32
42 56
54 44
51 47
50 48
10 89
14 85
15 84
79 20
51 48
88 12
23 77
62 38
76 25
26 75
72 29
56 45
52 49
16 87
15 89
27 77
35 69
68 36
18 87
27 78
68 39
20 80
40 60
61 40
50 51
30 72
31 71
61 41
91 12
80 23
52 51
23 81
64 40
14 91
15 90
34 71
63 42
25 81
93 14
31 76
33 74
61 46
11 97
82 26
35 73
16 93
19 90
21 88
84 25
34 75
35 74
65 44
63 46
11 99
96 14
95 15
18 92
83 27
36 74
42 68
43 67
18 93
19 92
88 23
27 84
42 69
62 49
53 58
98 14
95 17
94 18
93 19
29 83
35 77
65 47
84 29
75 38
68 45
56 57
36 78
28 87
38 79
69 48
79 39
80 31
32 80
92 22
24 90
84 30
33 81
51 63
30 85
34 81
40 75
65 50
82 34
41 75
42 74
70 46
64 52
92 25
35 82
76 41
51 66
91 27
28 90
78 40
42 76
61 57
21 98
23 96
34 85
84 35
36 83
40 79
74 45
56 63
87 33
64 56
57 63
99 22
43 78
45 76
34 88
84 38
65 57
95 28
88 35
57 66
96 28
29 95
49 75
98 27
66 59
28 98
48 79
79 49
81 40
71 50
81 42
33 91
81 43
80 44
50 74
72 52
75 50
74 51
84 42
80 46
95 32
73 54
70 57
64 63
56 72
57 71
96 33
95 34
48 81
34 96
42 88
87 43
48 82
77 53
97 34
93 38
67 64
96 36
94 38
56 76
98 35
95 38
77 56
59 74
67 66
79 56
37 99
98 38
77 59
40 91
41 91
82 50
43 90
63 70
42 92
91 43
84 50
82 52
73 61
50 85
93 43
83 53
80 56
64 72
96 41
96 43
45 94
79 60
61 78
65 74
68 71
41 99
97 43
89 51
57 83
62 78
69 71
54 87
79 62
97 45
46 96
73 69
44 99
97 46
47 96
49 94
88 55
85 58
66 77
48 96
85 59
65 79
47 98
96 49
56 89
68 77
99 47
80 60
71 70
73 70
75 70
96 50
90 56
81 67
94 55
81 68
99 51
53 97
58 92
86 64
81 69
92 59
89 62
59 93
83 69
54 99
96 57
96 58
86 68
57 98
86 69
70 80
91 61
60 93
71 82
72 81
71 83
95 60
85 70
61 96
70 87
73 84
80 77
76 82
86 73
93 67
77 83
78 82
81 79
97 64
85 76
97 65
84 78
83 79
67 96
74 89
68 96
76 89
97 69
82 80
74 90
87 80
98 70
73 95
75 95
91 79
82 88
87 83
98 73
76 95
77 94
86 85
73 99
76 96
93 79
99 74
98 75
76 99
80 91
92 80
93 83
83 94
90 88
93 86
83 98
98 84
85 97
89 93
1 100
3 100
6 100
93 95
93 96
96 94
99 92
99 93
1 10
11 1
1 12
10 3
12 2
13 3
10 6
4 14
11 8
11 9
2 19
6 16
18 5
8 16
17 9
19 8
20 3
20 4
22 7
7 25
6 28
28 7
30 2
3 31
30 4
34 2
6 31
37 3
7 33
8 33
40 1
1 42
2 41
40 3
8 40
3 46
45 4
2 49
47 5
46 6
44 8
7 47
45 9
49 7
50 1
50 3
51 4
55 1
1 56
4 54
8 50
54 5
51 8
56 4
51 9
7 58
57 8
9 58
1 62
5 61
4 63
62 5
61 6
2 66
61 7
2 69
3 68
7 64
62 9
67 5
66 6
6 67
6 68
7 67
8 67
8 68
72 6
76 4
7 76
79 6
7 78
1 81
80 4
85 2
83 4
4 85
7 83
88 4
86 8
1 90
92 2
94 2
4 92
90 7
2 96
4 94
5 93
1 99
98 3
98 5
99 5
98 6
96 9
