VERTICES = 125
EDGES = 267
118 100
116 101
104 116
100 11
82 90
15 100
102 13
82 98
97 84
108 13
12 109
107 15
86 97
108 15
87 98
108 18
112 111
105 120
3 101
102 122
122 105
115 113
113 117
104 24
116 14
109 23
28 107
17 119
110 2
124 114
122 116
19 10
5 114
116 4
9 115
121 12
110 25
103 35
2 17
27 113
17 123
109 32
7 14
9 14
6 19
27 119
20 16
11 26
18 20
5 122
7 121
19 21
8 124
6 9
1 23
47 100
115 32
30 117
104 44
31 118
27 122
25 125
105 49
47 109
30 14
34 11
24 21
33 13
20 26
23 26
40 111
41 113
52 104
56 101
53 104
110 47
50 108
121 39
108 53
33 9
57 106
49 114
31 24
44 12
15 45
46 18
39 26
111 50
40 124
112 53
47 1
62 107
104 67
114 58
57 116
106 69
66 109
9 46
53 14
10 58
35 33
58 12
34 37
49 29
60 113
71 104
72 104
101 77
71 107
68 110
8 51
122 58
79 104
66 117
109 75
57 7
8 56
13 62
11 65
42 36
24 55
49 30
61 19
17 67
27 58
47 39
84 101
115 70
84 102
111 75
123 64
7 61
71 118
123 68
8 64
88 106
44 40
74 11
31 55
14 74
64 24
36 52
11 78
62 27
49 40
43 46
71 19
36 54
38 52
64 29
69 25
68 28
110 83
75 121
103 94
99 100
96 103
7 72
6 75
119 86
40 50
79 6
118 89
40 54
50 46
75 22
53 44
86 13
85 15
43 57
82 19
22 79
39 62
88 17
76 29
48 57
112 92
84 121
81 125
80 7
86 3
94 118
88 5
80 20
30 70
91 11
72 30
71 32
20 85
50 55
52 53
46 60
41 66
94 14
25 83
52 56
25 84
59 50
56 53
41 69
56 54
97 15
89 23
49 63
2 96
2 99
96 5
7 96
51 63
42 74
66 51
99 20
91 28
88 31
58 62
29 94
39 86
78 47
59 68
62 63
64 62
77 50
88 40
45 84
87 44
88 44
85 47
57 75
65 69
98 37
40 90
70 61
45 91
56 80
92 45
54 85
41 99
47 93
67 73
62 79
48 95
71 73
82 64
97 50
76 71
87 62
86 63
54 96
56 94
92 59
53 99
96 56
86 66
88 67
60 95
92 67
73 87
76 86
105 106
70 91
70 97
94 73
86 81
74 94
76 92
73 98
94 79
