graph 1
[0.0152, 2.525E-4, 0.11, 0.11, 0.07571428571428572, 0.0014285714285714286, 0.013289473684210526, 0.10631578947368421, 0.4866232827187274]
real output : 
0.0
0.0
1.0
0.0
0.0
prediction :
7.372368983975148E-6
2.563469493969199E-8
0.02055417237282273
0.48421713654390186
0.9999999975966085
---------------

---------------
 graph 2
[0.0122, 0.0011583333333333333, 0.15, 0.23, 0.07571428571428572, 0.0014285714285714286, 0.07595628415300547, 0.7595628415300546, 0.7841863112460276]
real output :
0.0
1.0
0.0
0.0
0.0
prediction :
2.1474252333448717E-5
5.357853570180621E-8
0.03258233932412741
0.2342540928562565
0.9999999977234575
---------------

---------------
 graph 3
[0.0036, 3.8333333333333334E-5, 0.03, 0.05, 0.01, 0.0014285714285714286, 0.008518518518518517, 0.3006535947712418, 0.44776119402985076]
real output :
0.0
0.0
0.0
1.0
0.0
prediction :
1.3124419303772649E-5
2.1844601525431815E-8
0.01876508781579
0.34847854684883744
0.9999999983393124
---------------

---------------
 graph 4
[0.0022, 1.3333333333333333E-5, 0.02, 0.04, 0.005714285714285714, 0.0014285714285714286, 0.0048484848484848485, 0.2909090909090909, 0.0]
real output :
0.0
0.0
0.0
1.0
0.0
prediction :
2.074903113427903E-5
7.507611263633026E-9
0.026097377965945398
0.07997718391878177
0.9999999998523155
---------------

---------------
 graph 5
[0.0186, 7.666666666666667E-5, 0.02, 0.03, 0.005714285714285714, 0.0014285714285714286, 0.0032974910394265233, 0.021505376344086023, 0.0]
real output :
0.0
0.0
0.0
1.0
0.0
prediction :
9.039174356042836E-6
1.3223748088816826E-8
0.02724026685764214
0.18547391467962157
0.9999999997181519
---------------

---------------
 graph 6
[0.0138, 3.4083333333333334E-4, 0.03, 0.07, 0.018571428571428572, 0.0014285714285714286, 0.01975845410628019, 0.17433930093776642, 0.09066666666666667]
real output :
0.0
0.0
0.0
1.0
0.0
prediction :
1.1354650101449488E-5
9.731702592125E-9
0.02536470884995689
0.16151438213470237
0.9999999996898534
---------------

---------------
 graph 7
[0.0086, 1.0583333333333334E-4, 0.02, 0.05, 0.01, 0.0014285714285714286, 0.009844961240310077, 0.1406423034330011, 0.0]
real output :
0.0
0.0
0.0
1.0
0.0
prediction :
1.2334732500488112E-5
9.368832935555203E-9
0.027429762302414697
0.13020721744617836
0.9999999997886857
---------------

---------------
 graph 8
[0.0112, 4.025E-4, 0.07, 0.12, 0.03428571428571429, 0.0014285714285714286, 0.02875, 0.31363636363636366, 0.426179604261796]
real output :
0.0
0.0
0.0
0.0
1.0
prediction :
1.1676946512083181E-5
1.798133309220499E-8
0.020361021109094036
0.29481412098847154
0.9999999986831698
---------------

---------------
 graph 9
[0.0082, 1.5333333333333334E-4, 0.1, 0.1, 0.015714285714285715, 0.0014285714285714286, 0.014959349593495937, 0.22439024390243903, 0.9571286141575274]
real output :
1.0
0.0
0.0
0.0
0.0
prediction :
8.72300235021176E-6
1.1010820379471955E-7
0.040299654387791664
0.6740556078670252
0.999999979154331
---------------

---------------
 graph 10
[0.0418, 0.0010408333333333333, 0.03, 0.08, 0.018571428571428572, 0.0014285714285714286, 0.019920255183413078, 0.057462274567537726, 0.09082969432314411]
real output :
0.0
0.0
0.0
0.0
1.0
prediction :
7.645217808790949E-6
1.1544730555986132E-8
0.026240924505870792
0.20924627751021938
0.9999999996228468
---------------

---------------
 graph 11
[0.0382, 0.00324, 0.31, 0.31, 0.22285714285714286, 0.0014285714285714286, 0.06785340314136126, 0.21427390465693028, 0.49788789503625075]
real output :
1.0
0.0
0.0
0.0
0.0
prediction :
9.640485916577931E-6
2.6264062302066616E-8
0.023754018971145815
0.37535745688712496
0.999999999246769
---------------

---------------
 graph 12
[0.039, 0.001970833333333333, 0.03, 0.08, 0.1357142857142857, 0.0014285714285714286, 0.04042735042735043, 0.12503304255881575, 3.641925850389686E-5]
real output :
0.0
0.0
1.0
0.0
0.0
prediction :
1.052849916127219E-5
6.824023121093963E-9
0.02433158315021745
0.10138347768540087
0.9999999998377191
---------------

---------------
 graph 13
[0.0122, 3.733333333333333E-4, 0.02, 0.02, 0.03, 0.0014285714285714286, 0.02448087431693989, 0.2448087431693989, 0.0]
real output :
1.0
0.0
0.0
0.0
0.0
prediction :
1.6609070792941865E-5
8.164433599682386E-9
0.02497205544114439
0.08487179699503174
0.99999999983964
---------------

---------------
 graph 14
[0.0062, 3.2083333333333334E-4, 0.16, 0.16, 0.041428571428571426, 0.0014285714285714286, 0.04139784946236559, 0.8279569892473119, 0.8808322824716267]
real output :
0.0
0.0
0.0
1.0
0.0
prediction :
3.1646678931074834E-5
9.217194630972088E-8
0.03444413303647108
0.32808565317735044
0.9999999966450008
---------------

---------------
 graph 15
[0.0082, 1.7083333333333333E-4, 0.04, 0.07, 0.02142857142857143, 0.0014285714285714286, 0.016666666666666666, 0.25, 0.2587360594795539]
real output :
0.0
0.0
0.0
0.0
1.0
prediction :
1.2405789047846671E-5
1.2859180246027776E-8
0.020914445590474052
0.2340192297280687
0.9999999993403839
---------------

---------------
 graph 16
[0.1734, 0.0155925, 0.35, 0.54, 0.7171428571428572, 0.0014285714285714286, 0.07193771626297578, 0.04984137385425574, 0.32920568128195427]
real output :
1.0
0.0
0.0
0.0
0.0
prediction :
3.6945175661799234E-5
4.7994019248108684E-9
0.019183169467818104
0.12442433454773952
0.9999999999526887
---------------

---------------
 graph 17
[0.0162, 2.441666666666667E-4, 0.04, 0.06, 0.02, 0.0014285714285714286, 0.01205761316872428, 0.0904320987654321, 0.15340086830680175]
real output :
1.0
0.0
0.0
0.0
0.0
prediction :
8.78529049900804E-6
1.3449199350989828E-8
0.023320649963240167
0.2578142394510788
0.99999999945405
---------------

---------------
 graph 18
[0.0104, 4.3333333333333334E-5, 0.04, 0.04, 0.004285714285714286, 0.0014285714285714286, 0.0033333333333333335, 0.0392156862745098, 0.4]
real output :
1.0
0.0
0.0
0.0
0.0
prediction :
6.942186250620084E-6
2.8341326566194684E-8
0.0198816865867776
0.49656978667279983
0.9999999976058063
---------------

---------------
 graph 19
[0.0064, 3.8833333333333336E-4, 0.31, 0.31, 0.04428571428571428, 0.0014285714285714286, 0.048541666666666664, 0.9395161290322581, 0.9977802441731409]
real output :
1.0
0.0
0.0
0.0
0.0
prediction :
5.059501561222383E-5
1.0846049603832512E-7
0.04083024350118334
0.30523532202288434
0.9999999962226056
---------------

---------------
 graph 20
[0.0164, 6.758333333333333E-4, 0.03, 0.1, 0.03, 0.0014285714285714286, 0.03296747967479675, 0.24420355314664258, 0.05256497615107564]
real output :
0.0
0.0
0.0
0.0
1.0
prediction :
1.3309022665740984E-5
7.374976035455134E-9
0.027433011345687305
0.10593187528137085
0.9999999997989759
---------------

---------------
 graph 21
[0.0436, 0.0010558333333333333, 0.06, 0.08, 0.018571428571428572, 0.0014285714285714286, 0.01937308868501529, 0.05356614382953537, 0.09453599306157849]
real output :
0.0
0.0
0.0
1.0
0.0
prediction :
7.539803041134902E-6
1.2704804213643777E-8
0.02652064117236159
0.21905406485881132
0.9999999996255635
---------------

---------------
 graph 22
[0.1058, 2.2583333333333334E-4, 0.02, 0.03, 0.002857142857142857, 0.0014285714285714286, 0.0017076244486452425, 0.0019404823280059576, 0.0]
real output :
1.0
0.0
0.0
0.0
0.0
prediction :
6.929648573844169E-6
1.1491033276539559E-8
0.02656733527565228
0.1406182275451529
0.9999999997917077
---------------

---------------
 graph 23
[0.0412, 8.008333333333333E-4, 0.03, 0.07, 0.025714285714285714, 0.0014285714285714286, 0.015550161812297736, 0.0455126687189202, 0.0419672131147541]
real output :
0.0
0.0
1.0
0.0
0.0
prediction :
8.045678079942998E-6
1.1099049624483797E-8
0.02704455039738072
0.1818429700595674
0.9999999997075839
---------------

---------------
 graph 24
[0.1488, 6.2E-4, 0.02, 0.03, 0.007142857142857143, 0.0014285714285714286, 0.0033333333333333335, 0.0026917900403768506, 0.0]
real output :
0.0
0.0
0.0
1.0
0.0
prediction :
6.2538006879443365E-6
1.0426766295946133E-8
0.026045872736313792
0.11627082665937506
0.9999999998262568
---------------

---------------
 graph 25
[0.043, 0.0013683333333333334, 0.05, 0.1, 0.1, 0.0014285714285714286, 0.025457364341085274, 0.0713757878722017, 0.27923529680156955]
real output :
0.0
0.0
0.0
1.0
0.0
prediction :
6.67468743837468E-6
1.2796666462319255E-8
0.019497266145461316
0.31656750772281256
0.9999999991393094
---------------

---------------
 graph 26
[0.0262, 9.3E-4, 0.1, 0.11, 0.03142857142857143, 0.0014285714285714286, 0.0283969465648855, 0.13106283029947152, 0.7391888686852716]
real output :
0.0
0.0
0.0
1.0
0.0
prediction :
6.790638754872561E-6
5.944960208241054E-8
0.028618323020519094
0.5685349325955904
0.9999999918991017
---------------

---------------
 graph 27
[0.0424, 2.1E-4, 0.03, 0.03, 0.011428571428571429, 0.0014285714285714286, 0.003962264150943396, 0.011267101851023876, 0.13745704467353953]
real output :
1.0
0.0
0.0
0.0
0.0
prediction :
7.110765976144054E-6
1.6006271532099812E-8
0.022668379064013318
0.2782348245100575
0.9999999994315847
---------------

---------------
 graph 28
[0.0214, 4.3E-4, 0.04, 0.07, 0.024285714285714285, 0.0014285714285714286, 0.01607476635514019, 0.09098924351966144, 0.10592613799026625]
real output :
0.0
0.0
0.0
1.0
0.0
prediction :
8.881241359212752E-6
1.1822112648614405E-8
0.024988911061545188
0.21560791607189006
0.9999999995963491
---------------

---------------
 graph 29
[0.0086, 4.4083333333333333E-4, 0.08, 0.12, 0.04285714285714286, 0.0014285714285714286, 0.0410077519379845, 0.5858250276854928, 0.7871242028545399]
real output :
1.0
0.0
0.0
0.0
0.0
prediction :
1.6278571967898295E-5
5.5517894083459004E-8
0.02722121452588189
0.38358776979910186
0.9999999959393426
---------------

---------------
 graph 30
[0.0774, 0.002085, 0.08, 0.09, 0.5457142857142857, 0.0014285714285714286, 0.021550387596899225, 0.03349801180865165, 0.13931644708055813]
real output :
1.0
0.0
0.0
0.0
0.0
prediction :
1.6093621745802974E-5
3.756319939837962E-9
0.00979280342041948
0.13456846310090512
0.9999999998437354
---------------

---------------
 graph 31
[0.017, 8.833333333333333E-4, 0.09, 0.16, 0.045714285714285714, 0.0014285714285714286, 0.041568627450980396, 0.2969187675070028, 0.3873570948217888]
real output :
0.0
0.0
0.0
0.0
1.0
prediction :
1.0403099761992868E-5
1.5406034193893812E-8
0.0217534957028878
0.26635703543358547
0.9999999989464392
---------------

---------------
 graph 32
[0.0328, 2.691666666666667E-4, 0.02, 0.04, 0.012857142857142857, 0.0014285714285714286, 0.006565040650406504, 0.024165793805177315, 0.0]
real output :
0.0
0.0
1.0
0.0
0.0
prediction :
8.618804480905152E-6
1.2174754088902486E-8
0.027425785484216557
0.17258626151652973
0.9999999997391849
---------------

---------------
 graph 33
[0.0286, 4.15E-4, 0.11, 0.11, 0.10142857142857142, 0.0014285714285714286, 0.011608391608391609, 0.049049542007288484, 0.2681468830059778]
real output :
1.0
0.0
0.0
0.0
0.0
prediction :
7.036391237189188E-6
1.5709596865675233E-8
0.02042756930559481
0.36096779877712004
0.9999999991880271
---------------

---------------
 graph 34
[0.0912, 8.566666666666667E-4, 0.03, 0.05, 0.015714285714285715, 0.0014285714285714286, 0.007514619883040936, 0.009909388856757278, 0.013409961685823755]
real output :
0.0
0.0
0.0
1.0
0.0
prediction :
6.99646500307928E-6
1.1238078759782399E-8
0.02696684017558595
0.15238197468123765
0.9999999997740769
---------------

---------------
 graph 35
[0.8014, 0.9991108333333333, 0.02, 0.07, 0.97, 0.0014285714285714286, 0.9973654438066717, 0.1493807454528215, 0.0]
real output :
0.0
0.0
1.0
0.0
0.0
prediction :
1.556655797833276E-4
1.2773738223198457E-7
0.006675336293531829
0.0018878794547418942
0.9999999981223089
---------------

---------------
 graph 36
[0.0214, 0.004129166666666666, 0.98, 0.98, 0.14285714285714285, 0.0014285714285714286, 0.1543613707165109, 0.873743607829307, 0.9983711190443074]
real output :
1.0
0.0
0.0
0.0
0.0
prediction :
1.9331766510220666E-4
2.012126638302949E-7
0.05397849825187789
0.16059864603551804
0.999999998775253
---------------

---------------
 graph 37
[0.0328, 7.408333333333334E-4, 0.15, 0.15, 0.03857142857142857, 0.0014285714285714286, 0.01806910569105691, 0.06651204548855305, 0.8557499283051333]
real output :
1.0
0.0
0.0
0.0
0.0
prediction :
6.094452145188586E-6
8.975168481507837E-8
0.035982727145152896
0.6262603536386743
0.9999999870784235
---------------

---------------
 graph 38
[0.1814, 0.0015066666666666666, 0.03, 0.05, 0.007142857142857143, 0.0014285714285714286, 0.006644615950018375, 0.004400407913919454, 0.2773480662983425]
real output :
0.0
1.0
0.0
0.0
0.0
prediction :
4.626740694700357E-6
1.5501215378293163E-8
0.01940862771058808
0.2642854902925896
0.9999999992822084
---------------

---------------
 graph 39
[0.0212, 1.6333333333333334E-4, 0.08, 0.08, 0.018571428571428572, 0.0014285714285714286, 0.006163522012578616, 0.03522012578616352, 0.6771653543307087]
real output :
1.0
0.0
0.0
0.0
0.0
prediction :
6.146832598803336E-6
5.795087700615092E-8
0.026545945413327537
0.6106952668306644
0.9999999925865171
---------------

---------------
 graph 40
[0.0332, 1.6416666666666665E-4, 0.02, 0.03, 0.01, 0.0014285714285714286, 0.003955823293172691, 0.01438481197517342, 0.0]
real output :
0.0
0.0
1.0
0.0
0.0
prediction :
8.528613009624453E-6
1.28977899541884E-8
0.027006743474244962
0.1780752518286886
0.9999999997307913
---------------

---------------
 graph 41
[0.0016, 1.3333333333333333E-5, 0.02, 0.02, 0.005714285714285714, 0.0014285714285714286, 0.006666666666666667, 0.5714285714285714, 0.0]
real output :
0.0
0.0
0.0
1.0
0.0
prediction :
6.218672843946336E-5
7.810451437082385E-9
0.027266486496976498
0.03173687635753173
0.999999999915727
---------------

---------------
 graph 42
[0.0096, 7.833333333333333E-5, 0.03, 0.04, 0.011428571428571429, 0.0014285714285714286, 0.006527777777777777, 0.08333333333333333, 0.13675213675213677]
real output :
0.0
0.0
1.0
0.0
0.0
prediction :
9.203560628696939E-6
1.4043700080543524E-8
0.02313631320282883
0.25651773205941114
0.999999999465309
---------------

---------------
 graph 43
[0.06, 0.008095833333333333, 0.07, 0.22, 0.12, 0.0014285714285714286, 0.10794444444444444, 0.21661092530657747, 0.2176508605213395]
real output :
0.0
0.0
0.0
1.0
0.0
prediction :
6.606388649713643E-6
7.625542282505295E-9
0.027079606449913578
0.1557911506398797
0.9999999996334863
---------------

---------------
 graph 44
[0.0824, 0.0011666666666666668, 0.03, 0.06, 0.022857142857142857, 0.0014285714285714286, 0.011326860841423947, 0.01653556327215175, 0.014735852014422323]
real output :
0.0
0.0
0.0
1.0
0.0
prediction :
7.122656416303536E-6
1.0844562264827678E-8
0.02731603721331263
0.15391035033931588
0.9999999997711766
---------------

---------------
 graph 45
[0.0038, 1.5833333333333333E-5, 0.02, 0.03, 0.002857142857142857, 0.0014285714285714286, 0.0033333333333333335, 0.1111111111111111, 0.0]
real output :
0.0
0.0
0.0
1.0
0.0
prediction :
1.1974091935942175E-5
1.0816549717074898E-8
0.02680334831981539
0.14816802905866636
0.9999999997629787
---------------

---------------
 graph 46
[0.004, 3.1666666666666666E-5, 0.03, 0.04, 0.027142857142857142, 0.0014285714285714286, 0.006333333333333333, 0.2, 0.25]
real output :
0.0
0.0
0.0
1.0
0.0
prediction :
1.1883201158784265E-5
1.3790565100780747E-8
0.01971507071269027
0.2667204932055773
0.999999999264652
---------------

---------------
 graph 47
[0.02, 5.258333333333333E-4, 0.04, 0.07, 0.032857142857142856, 0.0014285714285714286, 0.02103333333333333, 0.12747474747474746, 0.1264411990776326]
real output :
0.0
0.0
0.0
0.0
1.0
prediction :
9.476945886855685E-6
1.1185577623927039E-8
0.024073624334767795
0.20542019648682247
0.9999999995901812
---------------

---------------
 graph 48
[0.006, 6.416666666666666E-5, 0.04, 0.04, 0.011428571428571429, 0.0014285714285714286, 0.008555555555555556, 0.17701149425287357, 0.1862348178137652]
real output :
0.0
0.0
0.0
0.0
1.0
prediction :
1.145198467212896E-5
1.3253121551337575E-8
0.02192779821136172
0.23730175199522008
0.9999999994465771
---------------

---------------
 graph 49
[0.006, 6.416666666666666E-5, 0.04, 0.04, 0.011428571428571429, 0.0014285714285714286, 0.008555555555555556, 0.17701149425287357, 0.1862348178137652]
real output :
0.0
0.0
0.0
0.0
1.0
prediction :
1.145198467212896E-5
1.3253121551337575E-8
0.02192779821136172
0.23730175199522008
0.9999999994465771
---------------

---------------
 graph 50
[0.001, 5.0E-6, 0.03, 0.03, 0.005714285714285714, 0.0014285714285714286, 0.004, 0.6, 0.5714285714285714]
real output :
0.0
0.0
0.0
1.0
0.0
prediction :
2.7584136315392953E-5
3.8499301943784226E-8
0.020136619910984914
0.27091876928709074
0.9999999985491654
---------------

---------------
 graph 51
[0.004, 4.3333333333333334E-5, 0.04, 0.04, 0.011428571428571429, 0.0014285714285714286, 0.008666666666666666, 0.2736842105263158, 0.2331288343558282]
real output :
0.0
0.0
0.0
1.0
0.0
prediction :
1.4697347915756658E-5
1.3063350420757289E-8
0.020828881843150748
0.21200628851267803
0.9999999994456386
---------------

---------------
 graph 52
[0.0854, 0.0016266666666666667, 0.03, 0.06, 0.025714285714285714, 0.0014285714285714286, 0.015238095238095238, 0.021462105969148222, 0.018607033117104814]
real output :
0.0
0.0
1.0
0.0
0.0
prediction :
7.020129917693132E-6
1.0663904425347993E-8
0.02721431715888373
0.15056751483074668
0.9999999997725624
---------------

---------------
 graph 53
[0.1522, 9.466666666666666E-4, 0.03, 0.04, 0.014285714285714285, 0.0014285714285714286, 0.004975908891809023, 0.003928349125112387, 0.004508566275924256]
real output :
0.0
0.0
0.0
1.0
0.0
prediction :
6.135390330428997E-6
1.0246128610056044E-8
0.026185462659700554
0.11650849186727615
0.9999999998291353
---------------

---------------
 graph 54
[0.1, 9.0E-5, 0.02, 0.03, 0.004285714285714286, 0.0014285714285714286, 7.2E-4, 8.657314629258517E-4, 0.0]
real output :
0.0
0.0
1.0
0.0
0.0
prediction :
7.042614034890884E-6
1.1619858391531709E-8
0.026511226229596892
0.14437165709413316
0.9999999997866136
---------------

---------------
 graph 55
[0.0566, 3.55E-4, 0.03, 0.04, 0.011428571428571429, 0.0014285714285714286, 0.005017667844522968, 0.010675889030899933, 0.014285714285714285]
real output :
0.0
0.0
0.0
1.0
0.0
prediction :
7.738432150640245E-6
1.2544260865669215E-8
0.026849198445202366
0.1754411467299369
0.9999999997358073
---------------

---------------
 graph 56
[0.015, 1.3E-4, 0.03, 0.05, 0.012857142857142857, 0.0014285714285714286, 0.006933333333333334, 0.05621621621621622, 0.06018518518518518]
real output :
0.0
0.0
0.0
0.0
1.0
prediction :
9.068621001274287E-6
1.2683114892324388E-8
0.0257954971349359
0.21094545474194595
0.9999999996392597
---------------

---------------
 graph 57
[0.003, 2.8333333333333332E-5, 0.04, 0.04, 0.011428571428571429, 0.0014285714285714286, 0.007555555555555555, 0.3238095238095238, 0.3516483516483517]
real output :
0.0
0.0
0.0
1.0
0.0
prediction :
1.5453414151795316E-5
1.7250538492917614E-8
0.019105304722406444
0.2665806175415342
0.9999999990710295
---------------

---------------
 graph 58
[0.015, 2.9416666666666664E-4, 0.04, 0.06, 0.024285714285714285, 0.0014285714285714286, 0.01568888888888889, 0.1272072072072072, 0.11627906976744186]
real output :
0.0
0.0
0.0
0.0
1.0
prediction :
9.954825483867305E-6
1.1557618535460875E-8
0.02417319201601852
0.20529081720755638
0.9999999995987094
---------------

---------------
 graph 59
[0.004, 2.1666666666666667E-5, 0.03, 0.03, 0.007142857142857143, 0.0014285714285714286, 0.004333333333333333, 0.1368421052631579, 0.11428571428571428]
real output :
0.0
0.0
0.0
1.0
0.0
prediction :
1.1265459630223282E-5
1.2540411848391946E-8
0.02332273823620392
0.2108037688010459
0.9999999995792874
---------------

---------------
 graph 60
[0.01, 1.9916666666666667E-4, 0.04, 0.07, 0.024285714285714285, 0.0014285714285714286, 0.015933333333333334, 0.19510204081632654, 0.19865771812080538]
real output :
0.0
0.0
0.0
0.0
1.0
prediction :
1.1190612706139778E-5
1.1850058386859323E-8
0.02210800654381193
0.22518833499510446
0.9999999994583972
---------------

---------------
 graph 61
[0.025, 2.225E-4, 0.03, 0.04, 0.012857142857142857, 0.0014285714285714286, 0.0071200000000000005, 0.034451612903225806, 0.03581267217630854]
real output :
0.0
0.0
0.0
0.0
1.0
prediction :
8.620117377305552E-6
1.3016907925349208E-8
0.02629595935848179
0.1981934161626891
0.9999999996799653
---------------

---------------
 graph 62
[0.01, 5.5E-5, 0.03, 0.04, 0.008571428571428572, 0.0014285714285714286, 0.0044, 0.053877551020408164, 0.0380952380952381]
real output :
0.0
0.0
0.0
0.0
1.0
prediction :
9.511635470442835E-6
1.2925373494168913E-8
0.026240433796428108
0.2010635525979659
0.9999999996706381
---------------

---------------
 graph 63
[0.002, 1.25E-5, 0.03, 0.04, 0.008571428571428572, 0.0014285714285714286, 0.005, 0.3333333333333333, 0.35714285714285715]
real output :
0.0
0.0
0.0
0.0
1.0
prediction :
1.600996528729423E-5
1.7113379542343762E-8
0.01893211073897611
0.26417122474375193
0.9999999990624362
---------------

---------------
 graph 64
[0.006, 4.6666666666666665E-5, 0.03, 0.04, 0.011428571428571429, 0.0014285714285714286, 0.006222222222222223, 0.12873563218390804, 0.15714285714285714]
real output :
0.0
0.0
0.0
1.0
0.0
prediction :
1.0357555637184483E-5
1.3288544109710739E-8
0.022457170911915975
0.24515706514183389
0.999999999461191
---------------

---------------
