 graph 1
[0.0152, 2.525E-4, 0.11, 0.11, 0.07571428571428572, 0.0014285714285714286, 0.013289473684210526, 0.10631578947368421, 0.4866232827187274]
real output : 
1.0   
0.0   
0.0   
0.0   
0.0   
prediction :
0.9970582888583126   
4.357447065215211E-4   
3.2082703730397727E-4   
2.1355828435354785E-4   
7.793561913294511E-4   
---------------
 
---------------
 graph 2
[0.0122, 0.0011583333333333333, 0.15, 0.23, 0.07571428571428572, 0.0014285714285714286, 0.07595628415300547, 0.7595628415300546, 0.7841863112460276]
real output : 
0.0   
0.0   
0.0   
0.0   
1.0   
prediction :
0.003277272403757321   
0.001023060106986404   
1.8903037863061996E-6   
0.001093457731209919   
0.9998645984323044   
---------------
 
---------------
 graph 3
[0.0036, 3.8333333333333334E-5, 0.03, 0.05, 0.01, 0.0014285714285714286, 0.008518518518518517, 0.3006535947712418, 0.44776119402985076]
real output : 
0.0   
0.0   
0.0   
1.0   
0.0   
prediction :
6.619285474951895E-4   
0.0016952957768240394   
4.790660338297403E-6   
0.9999144849865287   
1.5102393716619481E-5   
---------------
 
---------------
 graph 4
[0.0022, 1.3333333333333333E-5, 0.02, 0.04, 0.005714285714285714, 0.0014285714285714286, 0.0048484848484848485, 0.2909090909090909, 0.0]
real output : 
0.0   
0.0   
0.0   
1.0   
0.0   
prediction :
1.0933563079641958E-4   
0.002278058933535689   
4.6664141036165755E-6   
0.9998123159230291   
7.515819056402299E-4   
---------------
 
---------------
 graph 5
[0.0186, 7.666666666666667E-5, 0.02, 0.03, 0.005714285714285714, 0.0014285714285714286, 0.0032974910394265233, 0.021505376344086023, 0.0]
real output : 
0.0   
0.0   
0.0   
1.0   
0.0   
prediction :
0.0012257376024202165   
0.0011040398747293382   
0.0044061451051025016   
0.9836167071801974   
0.0024709050718222545   
---------------
 
---------------
 graph 6
[0.0138, 3.4083333333333334E-4, 0.03, 0.07, 0.018571428571428572, 0.0014285714285714286, 0.01975845410628019, 0.17433930093776642, 0.09066666666666667]
real output : 
0.0   
0.0   
0.0   
1.0   
0.0   
prediction :
2.465842841778407E-6   
0.011745963691681587   
1.1483107641279548E-5   
0.9805307228430286   
0.0357411590587481   
---------------
 
---------------
 graph 7
[0.0086, 1.0583333333333334E-4, 0.02, 0.05, 0.01, 0.0014285714285714286, 0.009844961240310077, 0.1406423034330011, 0.0]
real output : 
0.0   
0.0   
0.0   
1.0   
0.0   
prediction :
0.004045084044776611   
0.005166417510465509   
6.813814394518178E-4   
0.9993649571691938   
2.3463337354063145E-6   
---------------
 
---------------
 graph 8
[0.0112, 4.025E-4, 0.07, 0.12, 0.03428571428571429, 0.0014285714285714286, 0.02875, 0.31363636363636366, 0.426179604261796]
real output : 
0.0   
1.0   
0.0   
0.0   
0.0   
prediction :
3.5161430688164404E-5   
0.988007662128874   
5.538049743831619E-4   
0.0033432541926918437   
0.02376911458453609   
---------------
 
---------------
 graph 9
[0.0082, 1.5333333333333334E-4, 0.1, 0.1, 0.015714285714285715, 0.0014285714285714286, 0.014959349593495937, 0.22439024390243903, 0.9571286141575274]
real output : 
1.0   
0.0   
0.0   
0.0   
0.0   
prediction :
0.9999834723692826   
3.6739047250620465E-5   
6.238462529512687E-5   
0.0016145617669508   
0.0026075746716683747   
---------------
 
---------------
 graph 10
[0.0418, 0.0010408333333333333, 0.03, 0.08, 0.018571428571428572, 0.0014285714285714286, 0.019920255183413078, 0.057462274567537726, 0.09082969432314411]
real output : 
0.0   
0.0   
0.0   
1.0   
0.0   
prediction :
5.296576206019681E-8   
3.016637144561002E-5   
6.592164463927654E-5   
0.9999887882094181   
1.4267410288160463E-4   
---------------
 
---------------
 graph 11
[0.0382, 0.00324, 0.31, 0.31, 0.22285714285714286, 0.0014285714285714286, 0.06785340314136126, 0.21427390465693028, 0.49788789503625075]
real output : 
1.0   
0.0   
0.0   
0.0   
0.0   
prediction :
0.9989320360092476   
0.0013412909971512639   
1.700179394385021E-4   
3.520638346946726E-4   
8.219275516118424E-5   
---------------
 
---------------
 graph 12
[0.039, 0.001970833333333333, 0.03, 0.08, 0.1357142857142857, 0.0014285714285714286, 0.04042735042735043, 0.12503304255881575, 3.641925850389686E-5]
real output : 
0.0   
0.0   
1.0   
0.0   
0.0   
prediction :
0.001873393623103871   
6.535444179464187E-6   
0.9976524091894466   
3.417307619427839E-5   
0.0014154214708120261   
---------------
 
---------------
 graph 13
[0.0122, 3.733333333333333E-4, 0.02, 0.02, 0.03, 0.0014285714285714286, 0.02448087431693989, 0.2448087431693989, 0.0]
real output : 
1.0   
0.0   
0.0   
0.0   
0.0   
prediction :
0.9835911965145867   
2.3650124309841736E-5   
0.005500211258326943   
0.0013744759853217031   
3.5222451695967927E-4   
---------------
 
---------------
 graph 14
[0.0062, 3.2083333333333334E-4, 0.16, 0.16, 0.041428571428571426, 0.0014285714285714286, 0.04139784946236559, 0.8279569892473119, 0.8808322824716267]
real output : 
0.0   
0.0   
0.0   
0.0   
1.0   
prediction :
0.003562876598451532   
1.0264451778715425E-4   
7.527532779694555E-6   
0.004729152270326734   
0.9945165003517348   
---------------
 
---------------
 graph 15
[0.0082, 1.7083333333333333E-4, 0.04, 0.07, 0.02142857142857143, 0.0014285714285714286, 0.016666666666666666, 0.25, 0.2587360594795539]
real output : 
0.0   
0.0   
0.0   
0.0   
1.0   
prediction :
8.452570413614528E-4   
0.0042450522053205896   
1.8736817075586868E-6   
0.02271052485626233   
0.9937505835289591   
---------------
 
---------------
 graph 16
[0.1734, 0.0155925, 0.35, 0.54, 0.7171428571428572, 0.0014285714285714286, 0.07193771626297578, 0.04984137385425574, 0.32920568128195427]
real output : 
1.0   
0.0   
0.0   
0.0   
0.0   
prediction :
0.9998532708089974   
1.996115783220596E-4   
9.854531711046435E-4   
5.406499943477272E-6   
7.707087945772172E-4   
---------------
 
---------------
 graph 17
[0.0162, 2.441666666666667E-4, 0.04, 0.06, 0.02, 0.0014285714285714286, 0.01205761316872428, 0.0904320987654321, 0.15340086830680175]
real output : 
0.0   
0.0   
0.0   
0.0   
1.0   
prediction :
0.009121094356710465   
7.919467040826554E-5   
0.02552546735806784   
0.00650721430419768   
0.9858340403377434   
---------------
 
---------------
 graph 18
[0.0104, 4.3333333333333334E-5, 0.04, 0.04, 0.004285714285714286, 0.0014285714285714286, 0.0033333333333333335, 0.0392156862745098, 0.4]
real output : 
1.0   
0.0   
0.0   
0.0   
0.0   
prediction :
0.9974634673718785   
0.0014671360726345535   
0.0017461387444459501   
6.541797242271916E-5   
0.002814575122905235   
---------------
 
---------------
 graph 19
[0.0064, 3.8833333333333336E-4, 0.31, 0.31, 0.04428571428571428, 0.0014285714285714286, 0.048541666666666664, 0.9395161290322581, 0.9977802441731409]
real output : 
0.0   
0.0   
0.0   
1.0   
0.0   
prediction :
2.1132852714957495E-6   
6.908197731452366E-5   
4.169663409802713E-8   
0.9994011512583261   
0.004971639865640085   
---------------
 
---------------
 graph 20
[0.0164, 6.758333333333333E-4, 0.03, 0.1, 0.03, 0.0014285714285714286, 0.03296747967479675, 0.24420355314664258, 0.05256497615107564]
real output : 
0.0   
0.0   
0.0   
0.0   
1.0   
prediction :
9.968303033305325E-4   
1.805215278349654E-4   
0.0026283492334371514   
2.2856774525111725E-6   
0.9996512004892025   
---------------
 
---------------
 graph 21
[0.0436, 0.0010558333333333333, 0.06, 0.08, 0.018571428571428572, 0.0014285714285714286, 0.01937308868501529, 0.05356614382953537, 0.09453599306157849]
real output : 
0.0   
0.0   
0.0   
1.0   
0.0   
prediction :
1.8888167095407184E-7   
5.943022573428399E-5   
9.753228882553816E-6   
0.9999996719688232   
2.8826676234416308E-5   
---------------
 
---------------
 graph 22
[0.1058, 2.2583333333333334E-4, 0.02, 0.03, 0.002857142857142857, 0.0014285714285714286, 0.0017076244486452425, 0.0019404823280059576, 0.0]
real output : 
1.0   
0.0   
0.0   
0.0   
0.0   
prediction :
0.3915679321495047   
7.500208594572055E-5   
0.45233657003554345   
0.015780733338519707   
3.105580759706327E-4   
---------------
 
---------------
 graph 23
[0.0412, 8.008333333333333E-4, 0.03, 0.07, 0.025714285714285714, 0.0014285714285714286, 0.015550161812297736, 0.0455126687189202, 0.0419672131147541]
real output : 
0.0   
0.0   
1.0   
0.0   
0.0   
prediction :
3.719357625517644E-4   
3.6675991121254015E-6   
0.9540257264299564   
0.005539068191837042   
0.0025775654745746825   
---------------
 
---------------
 graph 24
[0.1488, 6.2E-4, 0.02, 0.03, 0.007142857142857143, 0.0014285714285714286, 0.0033333333333333335, 0.0026917900403768506, 0.0]
real output : 
0.0   
0.0   
0.0   
1.0   
0.0   
prediction :
0.00234951132246622   
5.297334810767846E-5   
0.011907120619538018   
0.9986824665862039   
9.017190569333095E-7   
---------------
 
---------------
 graph 25
[0.043, 0.0013683333333333334, 0.05, 0.1, 0.1, 0.0014285714285714286, 0.025457364341085274, 0.0713757878722017, 0.27923529680156955]
real output : 
0.0   
0.0   
0.0   
1.0   
0.0   
prediction :
6.487634416631858E-5   
7.359463608254043E-5   
1.2972710023527555E-6   
0.9883857077101351   
4.97376986186246E-4   
---------------
 
---------------
 graph 26
[0.0262, 9.3E-4, 0.1, 0.11, 0.03142857142857143, 0.0014285714285714286, 0.0283969465648855, 0.13106283029947152, 0.7391888686852716]
real output : 
0.0   
0.0   
0.0   
1.0   
0.0   
prediction :
0.0012657294433714938   
0.003114253353808511   
9.620132836461927E-6   
0.9971584108973921   
4.720319724768646E-7   
---------------
 
---------------
 graph 27
[0.0424, 2.1E-4, 0.03, 0.03, 0.011428571428571429, 0.0014285714285714286, 0.003962264150943396, 0.011267101851023876, 0.13745704467353953]
real output : 
1.0   
0.0   
0.0   
0.0   
0.0   
prediction :
0.9741187903159058   
1.9000772926356132E-5   
0.020489562115263475   
0.020148488142327746   
7.686214287415913E-4   
---------------
 
---------------
 graph 28
[0.0214, 4.3E-4, 0.04, 0.07, 0.024285714285714285, 0.0014285714285714286, 0.01607476635514019, 0.09098924351966144, 0.10592613799026625]
real output : 
0.0   
0.0   
0.0   
1.0   
0.0   
prediction :
3.975003429895661E-8   
3.434448180305419E-4   
2.782482112106121E-4   
0.9992706108263083   
0.04135511368224351   
---------------
 
---------------
 graph 29
[0.0086, 4.4083333333333333E-4, 0.08, 0.12, 0.04285714285714286, 0.0014285714285714286, 0.0410077519379845, 0.5858250276854928, 0.7871242028545399]
real output : 
0.0   
0.0   
0.0   
1.0   
0.0   
prediction :
8.921542734288373E-7   
4.011741861995286E-4   
7.269269786008427E-7   
0.9997105046911227   
0.002495886725038469   
---------------
 
---------------
 graph 30
[0.0774, 0.002085, 0.08, 0.09, 0.5457142857142857, 0.0014285714285714286, 0.021550387596899225, 0.03349801180865165, 0.13931644708055813]
real output : 
1.0   
0.0   
0.0   
0.0   
0.0   
prediction :
0.9986958591703988   
1.7367860483245693E-4   
0.0015879547848819421   
2.2020077312482377E-5   
4.516091165996915E-4   
---------------
 
---------------
 graph 31
[0.017, 8.833333333333333E-4, 0.09, 0.16, 0.045714285714285714, 0.0014285714285714286, 0.041568627450980396, 0.2969187675070028, 0.3873570948217888]
real output : 
0.0   
0.0   
0.0   
0.0   
1.0   
prediction :
3.914010272096706E-5   
0.005403221636510968   
3.926755212662182E-5   
0.003253729187022429   
0.9620247572874147   
---------------
 
---------------
 graph 32
[0.0328, 2.691666666666667E-4, 0.02, 0.04, 0.012857142857142857, 0.0014285714285714286, 0.006565040650406504, 0.024165793805177315, 0.0]
real output : 
0.0   
0.0   
1.0   
0.0   
0.0   
prediction :
4.971449130046877E-4   
0.0011890421432602335   
0.9694598707755339   
0.01598186967539307   
0.010733032350212878   
---------------
 
---------------
 graph 33
[0.0286, 4.15E-4, 0.11, 0.11, 0.10142857142857142, 0.0014285714285714286, 0.011608391608391609, 0.049049542007288484, 0.2681468830059778]
real output : 
1.0   
0.0   
0.0   
0.0   
0.0   
prediction :
0.9973348606717684   
1.2512385547886176E-4   
6.990936463021812E-4   
9.771081470314887E-5   
3.4686634603025684E-4   
---------------
 
---------------
 graph 34
[0.0912, 8.566666666666667E-4, 0.03, 0.05, 0.015714285714285715, 0.0014285714285714286, 0.007514619883040936, 0.009909388856757278, 0.013409961685823755]
real output : 
0.0   
0.0   
0.0   
1.0   
0.0   
prediction :
6.927641916334141E-7   
3.3819013758167155E-5   
1.0576127622061146E-5   
0.9999999017614652   
2.0326894300922926E-5   
---------------
 
---------------
 graph 35
[0.8014, 0.9991108333333333, 0.02, 0.07, 0.97, 0.0014285714285714286, 0.9973654438066717, 0.1493807454528215, 0.0]
real output : 
0.0   
0.0   
0.0   
0.0   
1.0   
prediction :
2.043781799387279E-5   
2.707282208606237E-4   
2.3123497757440408E-4   
3.7469985627959094E-6   
0.9999296626021386   
---------------
 
---------------
 graph 36
[0.0214, 0.004129166666666666, 0.98, 0.98, 0.14285714285714285, 0.0014285714285714286, 0.1543613707165109, 0.873743607829307, 0.9983711190443074]
real output : 
1.0   
0.0   
0.0   
0.0   
0.0   
prediction :
0.9999220740681783   
3.676710440662399E-4   
0.001966501533315251   
3.4064885880935756E-6   
6.210543412037975E-4   
---------------
 
---------------
 graph 37
[0.0328, 7.408333333333334E-4, 0.15, 0.15, 0.03857142857142857, 0.0014285714285714286, 0.01806910569105691, 0.06651204548855305, 0.8557499283051333]
real output : 
1.0   
0.0   
0.0   
0.0   
0.0   
prediction :
0.9995461920471458   
7.276726463837421E-4   
0.005254904507172968   
0.0012603197005423233   
3.8229598612498297E-7   
---------------
 
---------------
 graph 38
[0.1814, 0.0015066666666666666, 0.03, 0.05, 0.007142857142857143, 0.0014285714285714286, 0.006644615950018375, 0.004400407913919454, 0.2773480662983425]
real output : 
0.0   
0.0   
0.0   
1.0   
0.0   
prediction :
4.0905192894474216E-4   
1.4400751510175563E-5   
3.1039884178039993E-5   
0.9997676566313263   
1.3634515009647912E-4   
---------------
 
---------------
 graph 39
[0.0212, 1.6333333333333334E-4, 0.08, 0.08, 0.018571428571428572, 0.0014285714285714286, 0.006163522012578616, 0.03522012578616352, 0.6771653543307087]
real output : 
1.0   
0.0   
0.0   
0.0   
0.0   
prediction :
0.9970849812317689   
0.0021075048974209714   
0.0031820083039276388   
0.0050276735084147   
8.332127814155137E-7   
---------------
 
---------------
 graph 40
[0.0332, 1.6416666666666665E-4, 0.02, 0.03, 0.01, 0.0014285714285714286, 0.003955823293172691, 0.01438481197517342, 0.0]
real output : 
0.0   
0.0   
1.0   
0.0   
0.0   
prediction :
0.0046025500469047504   
3.109216203912081E-4   
0.9602190349543257   
0.047423476412267365   
0.003659851393070389   
---------------
 
---------------
 graph 41
[0.0016, 1.3333333333333333E-5, 0.02, 0.02, 0.005714285714285714, 0.0014285714285714286, 0.006666666666666667, 0.5714285714285714, 0.0]
real output : 
0.0   
0.0   
0.0   
1.0   
0.0   
prediction :
3.079995130746066E-4   
5.819409231661438E-4   
3.5185699245756997E-6   
0.9998997305030002   
4.320817261821256E-4   
---------------
 
---------------
 graph 42
[0.0096, 7.833333333333333E-5, 0.03, 0.04, 0.011428571428571429, 0.0014285714285714286, 0.006527777777777777, 0.08333333333333333, 0.13675213675213677]
real output : 
0.0   
0.0   
1.0   
0.0   
0.0   
prediction :
0.01761084428834384   
0.001182134051127883   
0.9311901049757871   
0.006748860834448656   
0.011621634622171273   
---------------
 
---------------
 graph 43
[0.06, 0.008095833333333333, 0.07, 0.22, 0.12, 0.0014285714285714286, 0.10794444444444444, 0.21661092530657747, 0.2176508605213395]
real output : 
0.0   
0.0   
0.0   
1.0   
0.0   
prediction :
7.663070833936003E-7   
5.813609422541605E-5   
1.4395027364957725E-6   
0.9996468887190563   
8.569231952859482E-5   
---------------
 
---------------
 graph 44
[0.0824, 0.0011666666666666668, 0.03, 0.06, 0.022857142857142857, 0.0014285714285714286, 0.011326860841423947, 0.01653556327215175, 0.014735852014422323]
real output : 
0.0   
0.0   
0.0   
1.0   
0.0   
prediction :
2.4327191969221324E-4   
7.957260955246126E-6   
0.06155911249159359   
0.9942136044194881   
3.797298988917393E-6   
---------------
 
---------------
 graph 45
[0.0038, 1.5833333333333333E-5, 0.02, 0.03, 0.002857142857142857, 0.0014285714285714286, 0.0033333333333333335, 0.1111111111111111, 0.0]
real output : 
0.0   
0.0   
0.0   
1.0   
0.0   
prediction :
0.003740375154060165   
0.00188775481774969   
0.0016878984474750676   
0.9995518879541176   
3.210196091269297E-6   
---------------
 
---------------
 graph 46
[0.004, 3.1666666666666666E-5, 0.03, 0.04, 0.027142857142857142, 0.0014285714285714286, 0.006333333333333333, 0.2, 0.25]
real output : 
0.0   
0.0   
0.0   
1.0   
0.0   
prediction :
2.2458967488348376E-4   
1.4662614073862753E-4   
1.571097171302218E-7   
0.9999993234921227   
1.0978805200119787E-5   
---------------
 
---------------
 graph 47
[0.02, 5.258333333333333E-4, 0.04, 0.07, 0.032857142857142856, 0.0014285714285714286, 0.02103333333333333, 0.12747474747474746, 0.1264411990776326]
real output : 
0.0   
0.0   
0.0   
0.0   
1.0   
prediction :
9.96037133211887E-5   
0.0028304876009378616   
0.0017053811119490834   
2.768932085565647E-4   
0.9964395394893195   
---------------
 
---------------
 graph 48
[0.006, 6.416666666666666E-5, 0.04, 0.04, 0.011428571428571429, 0.0014285714285714286, 0.008555555555555556, 0.17701149425287357, 0.1862348178137652]
real output : 
0.0   
0.0   
0.0   
0.0   
1.0   
prediction :
0.013849683510575481   
0.0012512346883683338   
9.113438703851987E-6   
0.0038232043700698157   
0.9946816848260027   
---------------
 
---------------
 graph 49
[0.006, 6.416666666666666E-5, 0.04, 0.04, 0.011428571428571429, 0.0014285714285714286, 0.008555555555555556, 0.17701149425287357, 0.1862348178137652]
real output : 
0.0   
0.0   
0.0   
0.0   
1.0   
prediction :
0.013849683510575481   
0.0012512346883683338   
9.113438703851987E-6   
0.0038232043700698157   
0.9946816848260027   
---------------
 
---------------
 graph 50
[0.001, 5.0E-6, 0.03, 0.03, 0.005714285714285714, 0.0014285714285714286, 0.004, 0.6, 0.5714285714285714]
real output : 
0.0   
0.0   
0.0   
1.0   
0.0   
prediction :
0.00222734565707904   
0.0014454454255114209   
2.7881694170413536E-6   
0.9922180820810849   
0.01080078515457874   
---------------
 
---------------
 graph 51
[0.004, 4.3333333333333334E-5, 0.04, 0.04, 0.011428571428571429, 0.0014285714285714286, 0.008666666666666666, 0.2736842105263158, 0.2331288343558282]
real output : 
0.0   
0.0   
0.0   
1.0   
0.0   
prediction :
0.010632647737212857   
6.605359221187811E-4   
3.2706024749920733E-6   
0.9683521295650444   
0.039471514511027456   
---------------
 
---------------
 graph 52
[0.0854, 0.0016266666666666667, 0.03, 0.06, 0.025714285714285714, 0.0014285714285714286, 0.015238095238095238, 0.021462105969148222, 0.018607033117104814]
real output : 
0.0   
0.0   
1.0   
0.0   
0.0   
prediction :
0.003916986052532953   
3.806550294345644E-6   
0.9308515423930216   
0.029208591998216273   
8.160815843541648E-6   
---------------
 
---------------
 graph 53
[0.1522, 9.466666666666666E-4, 0.03, 0.04, 0.014285714285714285, 0.0014285714285714286, 0.004975908891809023, 0.003928349125112387, 0.004508566275924256]
real output : 
0.0   
0.0   
0.0   
1.0   
0.0   
prediction :
1.8359656970679319E-6   
6.628104053341435E-5   
9.89320533602822E-6   
0.9999999098867208   
2.014955764495027E-6   
---------------
 
---------------
 graph 54
[0.1, 9.0E-5, 0.02, 0.03, 0.004285714285714286, 0.0014285714285714286, 7.2E-4, 8.657314629258517E-4, 0.0]
real output : 
0.0   
0.0   
1.0   
0.0   
0.0   
prediction :
0.231953150506047   
6.70764702994448E-5   
0.3453726914759642   
0.058260373730601306   
1.8392876856757666E-4   
---------------
 
---------------
 graph 55
[0.0566, 3.55E-4, 0.03, 0.04, 0.011428571428571429, 0.0014285714285714286, 0.005017667844522968, 0.010675889030899933, 0.014285714285714285]
real output : 
0.0   
0.0   
0.0   
1.0   
0.0   
prediction :
3.864439404701079E-5   
5.719621507565976E-5   
1.839376193615212E-4   
0.999974105520891   
6.485713057278654E-5   
---------------
 
---------------
 graph 56
[0.015, 1.3E-4, 0.03, 0.05, 0.012857142857142857, 0.0014285714285714286, 0.006933333333333334, 0.05621621621621622, 0.06018518518518518]
real output : 
0.0   
0.0   
0.0   
0.0   
1.0   
prediction :
0.0010936488069264122   
0.047165732294218575   
0.03147682050719971   
2.6014985844709536E-4   
0.9713226869164796   
---------------
 
---------------
 graph 57
[0.003, 2.8333333333333332E-5, 0.04, 0.04, 0.011428571428571429, 0.0014285714285714286, 0.007555555555555555, 0.3238095238095238, 0.3516483516483517]
real output : 
0.0   
0.0   
0.0   
1.0   
0.0   
prediction :
7.289099592715323E-4   
0.004201682877301428   
6.340421553227202E-6   
0.950598835250341   
0.036434063588814805   
---------------
 
---------------
 graph 58
[0.015, 2.9416666666666664E-4, 0.04, 0.06, 0.024285714285714285, 0.0014285714285714286, 0.01568888888888889, 0.1272072072072072, 0.11627906976744186]
real output : 
0.0   
1.0   
0.0   
0.0   
0.0   
prediction :
3.460946509214292E-4   
0.9677754910413298   
0.019812485558826868   
0.0011200249106992455   
0.008380092490302244   
---------------
 
---------------
 graph 59
[0.004, 2.1666666666666667E-5, 0.03, 0.03, 0.007142857142857143, 0.0014285714285714286, 0.004333333333333333, 0.1368421052631579, 0.11428571428571428]
real output : 
0.0   
0.0   
0.0   
1.0   
0.0   
prediction :
0.0078002094776016715   
0.008605940371981194   
3.8056520392890645E-4   
0.9985157739030622   
1.8725609329947485E-6   
---------------
 
---------------
 graph 60
[0.01, 1.9916666666666667E-4, 0.04, 0.07, 0.024285714285714285, 0.0014285714285714286, 0.015933333333333334, 0.19510204081632654, 0.19865771812080538]
real output : 
0.0   
0.0   
0.0   
0.0   
1.0   
prediction :
0.0027797716238540634   
0.0010825291222061276   
1.6758903388034205E-6   
0.005620661664586937   
0.9991440236646556   
---------------
 
---------------
 graph 61
[0.025, 2.225E-4, 0.03, 0.04, 0.012857142857142857, 0.0014285714285714286, 0.0071200000000000005, 0.034451612903225806, 0.03581267217630854]
real output : 
0.0   
0.0   
0.0   
0.0   
1.0   
prediction :
0.001257418094827989   
0.0027474000502158203   
0.05300994529008408   
4.912100668461067E-4   
0.9964684047875222   
---------------
 
---------------
 graph 62
[0.01, 5.5E-5, 0.03, 0.04, 0.008571428571428572, 0.0014285714285714286, 0.0044, 0.053877551020408164, 0.0380952380952381]
real output : 
0.0   
1.0   
0.0   
0.0   
0.0   
prediction :
0.0012596428093571916   
0.9805658744528795   
0.03414775831497976   
0.0013763663455771417   
0.005587659276185993   
---------------
 
---------------
 graph 63
[0.002, 1.25E-5, 0.03, 0.04, 0.008571428571428572, 0.0014285714285714286, 0.005, 0.3333333333333333, 0.35714285714285715]
real output : 
0.0   
0.0   
0.0   
0.0   
1.0   
prediction :
0.001632753216275642   
0.004584418683958794   
2.121760556884567E-5   
0.03657889647852778   
0.9538460576334327   
---------------
 
---------------
 graph 64
[0.006, 4.6666666666666665E-5, 0.03, 0.04, 0.011428571428571429, 0.0014285714285714286, 0.006222222222222223, 0.12873563218390804, 0.15714285714285714]
real output : 
1.0   
0.0   
0.0   
0.0   
0.0   
prediction :
0.9646357197225746   
4.496770296871842E-4   
0.006813283645209023   
8.815973016287305E-4   
0.014709436213243826   
---------------
 
---------------
